

DLX
 0250.00 0250.00 0250.00 0250.00 0249.00 0249.00 0250.00 0250.00 0248.00 0384.00
 0190.00 0206.00 0249.00 0192.00 0313.00 0226.00 0227.00 0283.00 0260.00 0212.00
 0231.00 0269.00 0308.00 0242.00 0237.00 0200.00 0321.00 0375.00 0553.00 0327.00
 0273.00 0354.00 0322.00 0360.00 0298.00 0425.00 0279.00 0246.00 0359.00 0228.00
 0281.00 0510.00 0269.00 0257.00 0323.00 0309.00 0228.00 0365.00 0714.00 0326.00
 0340.00 0340.00 0532.00 0283.00 0283.00 0250.00 0250.00 0250.00 0250.00 0267.00
 0232.00 0226.00 0274.00 0209.00 0280.00 0251.00 0255.00 0159.00 0171.00 0280.00
 0346.00 0283.00 0298.00 0339.00 0295.00 0192.00 0299.00 0249.00 0339.00 0414.00
 0270.00 0302.00 0205.00 0379.00 0379.00

ELWS
 186.30  186.30  186.30  186.30  186.30  186.30  186.30  186.30  186.30  186.30  
 186.30  186.30  186.30  186.30  186.30  186.30  186.30  186.30  186.30  186.30
 186.30  186.30  186.30  186.30  186.30  186.30  186.30  186.30  186.30  186.30
 186.30  186.30  186.30  186.30  186.30  186.30  186.30  186.30  186.30  186.30
 186.30  186.30  186.30  186.30  186.30  186.30  186.30  186.30  186.30  186.30
 186.30  186.30  186.30  186.30  186.30  186.30  186.30  186.30  186.30  186.30
 186.30  186.30  186.30  186.30  186.30  186.30  186.30  186.30  186.30  186.30
 186.30  186.30  186.30  186.30  186.30  186.30  186.30  186.30  186.30  186.30
 186.30  186.30  186.30  186.30  186.30
  
Angle
 0002.25 0002.25 0002.25 0002.64 0002.95 0003.33 0003.64 0003.57 0003.53 0003.41
 0003.32 0003.21 0003.18 0003.18 0003.07 0002.80 0002.80 0002.30 0002.15 0002.33
 0002.37 0002.47 0002.49 0002.49 0002.77 0003.27 0003.40 0003.33 0002.68 0002.22
 0002.62 0003.01 0003.23 0002.89 0002.36 0002.18 0002.46 0002.94 0003.62 0003.49
 0003.15 0002.82 0002.79 0002.77 0002.77 0002.81 0003.39 0003.42 0004.09 0003.28
 0002.51 0002.19 0001.83 0001.93 0001.93 0002.43 0002.43 0002.40 0002.30 0002.11
 0001.79 0001.79 0001.80 0001.87 0002.47 0002.53 0002.37 0002.50 0002.88 0003.00
 0002.37 0001.99 0001.55 0001.58 0001.90 0002.72 0002.76 0001.97 0001.76 0001.86
 0001.97 0001.70 0001.47 0001.44 0001.44

Friction
 0070.00 0070.00 0070.00 0070.00 0070.00 0070.00 0070.00 0070.00 0070.00 0070.00
 0070.00 0070.00 0070.00 0070.00 0070.00 0070.00 0070.00 0070.00 0070.00 0070.00
 0070.00 0070.00 0070.00 0070.00 0070.00 0070.00 0070.00 0070.00 0070.00 0070.00
 0070.00 0070.00 0070.00 0070.00 0070.00 0070.00 0070.00 0070.00 0070.00 0070.00
 0070.00 0070.00 0070.00 0070.00 0070.00 0070.00 0070.00 0070.00 0070.00 0070.00
 0070.00 0070.00 0070.00 0070.00 0070.00 0070.00 0070.00 0070.00 0070.00 0070.00
 0070.00 0070.00 0070.00 0070.00 0070.00 0070.00 0070.00 0070.00 0070.00 0070.00
 0070.00 0070.00 0070.00 0070.00 0070.00 0070.00 0070.00 0070.00 0070.00 0070.00
 0070.00 0070.00 0070.00 0070.00 0070.00

DZ
 0001.00 0001.00 0001.00 0001.00 0001.00 0001.00 0001.00 0001.00 0001.00 0001.00
 0001.00 0001.00 0001.00 0001.00 0001.00 0001.00 0001.00 0001.00 0001.00 0001.00
 0001.00 0001.00 0001.00 0001.00 0001.00 0001.00 0001.00 0001.00 0001.00 0001.00
 0001.00 0001.00 0001.00 0001.00 0001.00 0001.00 0001.00

#1
 0000.00 0000.00 0000.00 0000.00 0000.00 0000.00 0000.00 0000.00 0000.00 0000.00
 0000.00 0000.00 0000.00 0000.00 0000.00 0000.00 0000.00 0000.00 0000.00 0000.00
 0000.00 0000.00 0000.00 0000.00 0000.00 0000.00 0000.00 0000.00 0000.00 0000.00
 0000.00 0000.00 0000.00 0000.00 0000.00 0000.00 0000.00

#2
 0000.00 0095.43 0047.48 0008.13 0000.00 0000.00 0000.00 0000.00 0000.00 0000.00
 0000.00 0000.00 0000.00 0000.00 0000.00 0000.00 0000.00 0000.00 0000.00 0000.00
 0000.00 0000.00 0000.00 0000.00 0000.00 0000.00 0000.00 0000.00 0000.00 0000.00
 0000.00 0000.00 0000.00 0000.00 0000.00 0000.00 0000.00

#3
 0000.00 0043.99 0008.40 0000.00 0000.00 0000.00 0000.00 0000.00 0000.00 0000.00
 0000.00 0000.00 0000.00 0000.00 0000.00 0000.00 0000.00 0000.00 0000.00 0000.00
 0000.00 0000.00 0000.00 0000.00 0000.00 0000.00 0000.00 0000.00 0000.00 0000.00
 0000.00 0000.00 0000.00 0000.00 0000.00 0000.00 0000.00

#4
 0000.00 0139.50 0109.91 0071.26 0020.23 0000.00 0000.00 0000.00 0000.00 0000.00
 0000.00 0000.00 0000.00 0000.00 0000.00 0000.00 0000.00 0000.00 0000.00 0000.00
 0000.00 0000.00 0000.00 0000.00 0000.00 0000.00 0000.00 0000.00 0000.00 0000.00
 0000.00 0000.00 0000.00 0000.00 0000.00 0000.00 0000.00

#5
 0000.00 0215.09 0172.16 0099.02 0019.68 0000.00 0000.00 0000.00 0000.00 0000.00
 0000.00 0000.00 0000.00 0000.00 0000.00 0000.00 0000.00 0000.00 0000.00 0000.00
 0000.00 0000.00 0000.00 0000.00 0000.00 0000.00 0000.00 0000.00 0000.00 0000.00
 0000.00 0000.00 0000.00 0000.00 0000.00 0000.00 0000.00

#6
 0000.00 0297.49 0222.38 0144.34 0079.31 0036.31 0008.82 0000.00 0000.00 0000.00
 0000.00 0000.00 0000.00 0000.00 0000.00 0000.00 0000.00 0000.00 0000.00 0000.00
 0000.00 0000.00 0000.00 0000.00 0000.00 0000.00 0000.00 0000.00 0000.00 0000.00
 0000.00 0000.00 0000.00 0000.00 0000.00 0000.00 0000.00

#7
 0000.00 0249.88 0216.29 0178.72 0136.68 0090.52 0048.90 0019.20 0000.00 0000.00
 0000.00 0000.00 0000.00 0000.00 0000.00 0000.00 0000.00 0000.00 0000.00 0000.00
 0000.00 0000.00 0000.00 0000.00 0000.00 0000.00 0000.00 0000.00 0000.00 0000.00
 0000.00 0000.00 0000.00 0000.00 0000.00 0000.00 0000.00

#8
 0000.00 0245.32 0220.45 0184.59 0147.93 0118.52 0087.89 0049.25 0017.13 0000.00
 0000.00 0000.00 0000.00 0000.00 0000.00 0000.00 0000.00 0000.00 0000.00 0000.00
 0000.00 0000.00 0000.00 0000.00 0000.00 0000.00 0000.00 0000.00 0000.00 0000.00
 0000.00 0000.00 0000.00 0000.00 0000.00 0000.00 0000.00

#9
 0000.00 0243.27 0206.84 0178.08 0148.68 0116.39 0078.20 0034.59 0005.38 0000.00
 0000.00 0000.00 0000.00 0000.00 0000.00 0000.00 0000.00 0000.00 0000.00 0000.00
 0000.00 0000.00 0000.00 0000.00 0000.00 0000.00 0000.00 0000.00 0000.00 0000.00
 0000.00 0000.00 0000.00 0000.00 0000.00 0000.00 0000.00

#10
 0000.00 0808.33 0681.13 0563.63 0429.38 0278.93 0155.43 0086.72 0045.91 0014.64
 0000.00 0000.00 0000.00 0000.00 0000.00 0000.00 0000.00 0000.00 0000.00 0000.00
 0000.00 0000.00 0000.00 0000.00 0000.00 0000.00 0000.00 0000.00 0000.00 0000.00
 0000.00 0000.00 0000.00 0000.00 0000.00 0000.00 0000.00

#11
 0000.00 0438.91 0415.19 0389.15 0354.78 0265.78 0166.04 0078.10 0021.00 0000.00
 0000.00 0000.00 0000.00 0000.00 0000.00 0000.00 0000.00 0000.00 0000.00 0000.00
 0000.00 0000.00 0000.00 0000.00 0000.00 0000.00 0000.00 0000.00 0000.00 0000.00
 0000.00 0000.00 0000.00 0000.00 0000.00 0000.00 0000.00

#12
 0000.00 0612.31 0575.10 0518.30 0451.31 0364.97 0253.66 0148.13 0079.53 0041.18
 0015.13 0000.00 0000.00 0000.00 0000.00 0000.00 0000.00 0000.00 0000.00 0000.00
 0000.00 0000.00 0000.00 0000.00 0000.00 0000.00 0000.00 0000.00 0000.00 0000.00
 0000.00 0000.00 0000.00 0000.00 0000.00 0000.00 0000.00

#13
 0000.00 0600.98 0583.31 0562.41 0525.10 0459.46 0328.40 0138.53 0031.49 0000.00
 0000.00 0000.00 0000.00 0000.00 0000.00 0000.00 0000.00 0000.00 0000.00 0000.00
 0000.00 0000.00 0000.00 0000.00 0000.00 0000.00 0000.00 0000.00 0000.00 0000.00
 0000.00 0000.00 0000.00 0000.00 0000.00 0000.00 0000.00

#14
 0000.00 0679.60 0637.10 0589.68 0539.90 0473.65 0313.38 0128.97 0043.57 0008.51
 0000.00 0000.00 0000.00 0000.00 0000.00 0000.00 0000.00 0000.00 0000.00 0000.00
 0000.00 0000.00 0000.00 0000.00 0000.00 0000.00 0000.00 0000.00 0000.00 0000.00
 0000.00 0000.00 0000.00 0000.00 0000.00 0000.00 0000.00

#15
 0000.00 0877.02 0814.28 0735.04 0649.87 0555.74 0454.38 0341.70 0215.48 0118.13
 0057.27 0017.26 0000.00 0000.00 0000.00 0000.00 0000.00 0000.00 0000.00 0000.00
 0000.00 0000.00 0000.00 0000.00 0000.00 0000.00 0000.00 0000.00 0000.00 0000.00
 0000.00 0000.00 0000.00 0000.00 0000.00 0000.00 0000.00

#16
 0000.00 0656.28 0610.26 0561.30 0505.69 0451.99 0404.42 0328.28 0223.14 0118.49
 0054.24 0024.79 0008.73 0000.00 0000.00 0000.00 0000.00 0000.00 0000.00 0000.00
 0000.00 0000.00 0000.00 0000.00 0000.00 0000.00 0000.00 0000.00 0000.00 0000.00
 0000.00 0000.00 0000.00 0000.00 0000.00 0000.00 0000.00

#17
 0000.00 0739.32 0689.69 0643.74 0601.39 0554.01 0501.49 0388.06 0222.53 0076.34
 0007.93 0000.00 0000.00 0000.00 0000.00 0000.00 0000.00 0000.00 0000.00 0000.00
 0000.00 0000.00 0000.00 0000.00 0000.00 0000.00 0000.00 0000.00 0000.00 0000.00
 0000.00 0000.00 0000.00 0000.00 0000.00 0000.00 0000.00

#18
 0000.00 0579.44 0555.63 0537.25 0509.44 0473.20 0425.47 0358.35 0262.82 0162.49
 0091.14 0045.02 0013.21 0000.00 0000.00 0000.00 0000.00 0000.00 0000.00 0000.00
 0000.00 0000.00 0000.00 0000.00 0000.00 0000.00 0000.00 0000.00 0000.00 0000.00
 0000.00 0000.00 0000.00 0000.00 0000.00 0000.00 0000.00

#19
 0000.00 0607.93 0561.97 0510.69 0457.28 0408.03 0364.64 0323.99 0279.30 0205.75
 0116.75 0058.07 0020.01 0000.00 0000.00 0000.00 0000.00 0000.00 0000.00 0000.00
 0000.00 0000.00 0000.00 0000.00 0000.00 0000.00 0000.00 0000.00 0000.00 0000.00
 0000.00 0000.00 0000.00 0000.00 0000.00 0000.00 0000.00

#20
 0000.00 0576.48 0539.10 0514.34 0484.32 0445.36 0400.22 0338.48 0274.79 0228.74
 0195.34 0159.68 0112.20 0029.09 0000.00 0000.00 0000.00 0000.00 0000.00 0000.00
 0000.00 0000.00 0000.00 0000.00 0000.00 0000.00 0000.00 0000.00 0000.00 0000.00
 0000.00 0000.00 0000.00 0000.00 0000.00 0000.00 0000.00

#21
 0000.00 0625.43 0590.85 0564.67 0516.48 0453.40 0386.13 0316.39 0257.27 0212.33
 0177.85 0145.42 0111.37 0047.61 0000.00 0000.00 0000.00 0000.00 0000.00 0000.00
 0000.00 0000.00 0000.00 0000.00 0000.00 0000.00 0000.00 0000.00 0000.00 0000.00
 0000.00 0000.00 0000.00 0000.00 0000.00 0000.00 0000.00

#22
 0000.00 0705.34 0668.09 0623.48 0586.93 0552.30 0511.00 0460.86 0405.46 0348.65
 0278.61 0207.57 0152.93 0068.49 0007.31 0000.00 0000.00 0000.00 0000.00 0000.00
 0000.00 0000.00 0000.00 0000.00 0000.00 0000.00 0000.00 0000.00 0000.00 0000.00
 0000.00 0000.00 0000.00 0000.00 0000.00 0000.00 0000.00

#23
 0000.00 1004.86 0914.33 0802.30 0688.11 0582.33 0501.22 0414.36 0315.54 0243.21
 0202.91 0176.00 0146.25 0091.33 0019.37 0000.00 0000.00 0000.00 0000.00 0000.00
 0000.00 0000.00 0000.00 0000.00 0000.00 0000.00 0000.00 0000.00 0000.00 0000.00
 0000.00 0000.00 0000.00 0000.00 0000.00 0000.00 0000.00

#24
 0000.00 0779.68 0738.31 0687.42 0640.61 0602.38 0559.33 0471.55 0367.37 0306.62
 0271.12 0233.57 0194.13 0151.87 0042.98 0000.00 0000.00 0000.00 0000.00 0000.00
 0000.00 0000.00 0000.00 0000.00 0000.00 0000.00 0000.00 0000.00 0000.00 0000.00
 0000.00 0000.00 0000.00 0000.00 0000.00 0000.00 0000.00

#25
 0000.00 0905.46 0841.40 0782.29 0721.95 0659.43 0584.30 0503.73 0409.97 0332.20
 0296.55 0275.48 0252.41 0188.43 0047.40 0000.00 0000.00 0000.00 0000.00 0000.00
 0000.00 0000.00 0000.00 0000.00 0000.00 0000.00 0000.00 0000.00 0000.00 0000.00
 0000.00 0000.00 0000.00 0000.00 0000.00 0000.00 0000.00

#26
 0000.00 0609.48 0538.26 0462.79 0408.10 0370.35 0330.52 0295.39 0258.93 0219.27
 0194.20 0176.41 0153.57 0107.96 0047.79 0010.59 0000.00 0000.00 0000.00 0000.00
 0000.00 0000.00 0000.00 0000.00 0000.00 0000.00 0000.00 0000.00 0000.00 0000.00
 0000.00 0000.00 0000.00 0000.00 0000.00 0000.00 0000.00

#27
 0000.00 2716.80 2479.82 2270.03 2049.90 1832.50 1608.66 1354.47 1128.81 0956.35
 0814.17 0678.76 0521.11 0302.72 0115.31 0031.23 0000.00 0000.00 0000.00 0000.00
 0000.00 0000.00 0000.00 0000.00 0000.00 0000.00 0000.00 0000.00 0000.00 0000.00
 0000.00 0000.00 0000.00 0000.00 0000.00 0000.00 0000.00

#28
 0000.00 1219.32 1058.08 0954.16 0881.22 0813.26 0753.43 0691.73 0635.87 0588.36
 0546.85 0518.62 0488.15 0449.72 0358.42 0207.19 0062.71 0000.00 0000.00 0000.00
 0000.00 0000.00 0000.00 0000.00 0000.00 0000.00 0000.00 0000.00 0000.00 0000.00
 0000.00 0000.00 0000.00 0000.00 0000.00 0000.00 0000.00

#29
 0000.00 1238.22 1139.30 1035.28 0929.50 0828.57 0744.45 0658.53 0562.35 0483.01
 0434.62 0403.99 0363.15 0308.15 0241.14 0164.72 0085.93 0021.54 0000.00 0000.00
 0000.00 0000.00 0000.00 0000.00 0000.00 0000.00 0000.00 0000.00 0000.00 0000.00
 0000.00 0000.00 0000.00 0000.00 0000.00 0000.00 0000.00

#30
 0000.00 0762.07 0744.93 0724.75 0699.18 0659.95 0626.58 0607.01 0589.74 0575.98
 0562.83 0548.45 0533.93 0503.34 0435.03 0344.55 0248.99 0141.48 0059.48 0025.89
 0013.15 0000.00 0000.00 0000.00 0000.00 0000.00 0000.00 0000.00 0000.00 0000.00
 0000.00 0000.00 0000.00 0000.00 0000.00 0000.00 0000.00

#31
 0000.00 0832.22 0811.51 0785.30 0750.46 0712.20 0679.06 0635.51 0572.35 0517.82
 0489.17 0469.00 0433.10 0334.62 0240.42 0200.35 0171.44 0144.85 0121.09 0095.98
 0059.53 0023.56 0006.38 0000.00 0000.00 0000.00 0000.00 0000.00 0000.00 0000.00
 0000.00 0000.00 0000.00 0000.00 0000.00 0000.00 0000.00

#32
 0000.00 2032.40 1834.26 1647.97 1470.83 1264.20 1028.90 0858.35 0767.48 0695.77
 0645.98 0616.34 0582.22 0499.32 0412.57 0370.66 0338.28 0302.49 0250.71 0194.86
 0142.57 0085.27 0034.72 0006.35 0000.00 0000.00 0000.00 0000.00 0000.00 0000.00
 0000.00 0000.00 0000.00 0000.00 0000.00 0000.00 0000.00

#33
 0000.00 1462.56 1384.76 1296.74 1208.33 1135.86 1059.81 0975.80 0889.06 0799.28
 0719.74 0660.10 0611.96 0508.40 0408.47 0371.50 0344.16 0314.78 0273.84 0196.94
 0122.55 0076.06 0041.44 0012.46 0000.00 0000.00 0000.00 0000.00 0000.00 0000.00
 0000.00 0000.00 0000.00 0000.00 0000.00 0000.00 0000.00

#34
 0000.00 1929.76 1860.44 1788.77 1721.99 1651.65 1559.29 1449.06 1317.94 1118.95
 0910.33 0763.46 0651.58 0558.90 0494.98 0459.79 0433.13 0403.78 0359.22 0281.36
 0154.31 0073.07 0044.43 0013.57 0000.00 0000.00 0000.00 0000.00 0000.00 0000.00
 0000.00 0000.00 0000.00 0000.00 0000.00 0000.00 0000.00

#35
 0000.00 1817.19 1751.07 1676.17 1584.29 1495.31 1415.23 1335.73 1266.82 1210.82
 1165.04 1115.65 1031.90 0872.82 0693.88 0594.98 0550.88 0506.02 0432.82 0335.58
 0223.65 0117.85 0058.56 0027.34 0007.41 0000.00 0000.00 0000.00 0000.00 0000.00
 0000.00 0000.00 0000.00 0000.00 0000.00 0000.00 0000.00

#36
 0000.00 1510.81 1472.75 1432.09 1394.41 1353.37 1314.42 1266.49 1215.93 1154.97
 1086.21 1023.72 0955.89 0859.42 0696.62 0572.04 0520.14 0467.63 0413.10 0354.99
 0293.93 0232.64 0167.65 0100.62 0049.97 0020.29 0006.50 0000.00 0000.00 0000.00
 0000.00 0000.00 0000.00 0000.00 0000.00 0000.00 0000.00

#37
 0000.00 2082.88 2008.11 1931.97 1855.05 1775.67 1687.93 1590.98 1495.45 1394.65
 1293.43 1211.31 1125.23 0971.19 0819.52 0741.60 0688.72 0626.00 0534.36 0458.07
 0409.57 0317.38 0167.69 0058.31 0015.25 0000.00 0000.00 0000.00 0000.00 0000.00
 0000.00 0000.00 0000.00 0000.00 0000.00 0000.00 0000.00

#38
 0000.00 2103.60 2041.36 1969.81 1899.90 1827.50 1752.11 1660.47 1548.84 1425.91
 1301.19 1186.55 1060.00 0857.70 0654.02 0561.28 0520.37 0476.67 0428.17 0375.73
 0315.42 0242.08 0146.06 0049.00 0005.01 0000.00 0000.00 0000.00 0000.00 0000.00
 0000.00 0000.00 0000.00 0000.00 0000.00 0000.00 0000.00

#39
 0000.00 1662.97 1588.27 1520.67 1459.76 1402.86 1344.98 1262.93 1174.84 1096.30
 1020.38 0946.99 0881.59 0809.52 0734.72 0684.75 0651.19 0616.62 0575.34 0530.35
 0473.40 0407.11 0329.90 0168.95 0048.35 0012.73 0000.00 0000.00 0000.00 0000.00
 0000.00 0000.00 0000.00 0000.00 0000.00 0000.00 0000.00

#40
 0000.00 1486.82 1459.63 1430.67 1390.28 1341.59 1287.16 1233.04 1176.38 1103.93
 1027.19 0958.82 0894.76 0811.32 0738.92 0701.48 0672.98 0640.48 0586.72 0518.72
 0453.81 0388.09 0309.95 0233.19 0149.33 0074.14 0033.47 0013.22 0000.00 0000.00
 0000.00 0000.00 0000.00 0000.00 0000.00 0000.00 0000.00

#41
 0000.00 1173.65 1156.93 1138.59 1119.56 1093.55 1062.78 1035.02 1002.80 0958.95
 0902.14 0847.21 0798.45 0739.59 0685.31 0652.63 0627.36 0595.27 0534.54 0460.45
 0400.42 0348.27 0281.40 0200.07 0131.52 0065.44 0015.35 0000.00 0000.00 0000.00
 0000.00 0000.00 0000.00 0000.00 0000.00 0000.00 0000.00

#42
 0000.00 1485.86 1393.64 1318.96 1240.44 1152.16 1060.05 0956.50 0836.86 0734.04
 0656.71 0589.25 0536.61 0483.50 0437.36 0412.71 0393.68 0375.06 0356.13 0336.62
 0313.92 0285.26 0246.29 0203.32 0149.75 0090.50 0047.03 0018.99 0005.49 0000.00
 0000.00 0000.00 0000.00 0000.00 0000.00 0000.00 0000.00

#43
 0000.00 1297.02 1279.91 1249.38 1205.51 1157.15 1103.60 1055.89 1012.74 0970.01
 0926.66 0884.13 0827.60 0752.66 0689.62 0648.26 0618.35 0584.46 0536.74 0479.82
 0415.87 0358.88 0322.38 0292.43 0242.72 0169.09 0095.16 0035.99 0008.76 0000.00
 0000.00 0000.00 0000.00 0000.00 0000.00 0000.00 0000.00

#44
 0000.00 1269.16 1220.17 1184.41 1158.93 1128.15 1071.97 1004.12 0944.22 0876.36
 0791.39 0699.29 0600.21 0509.03 0458.90 0439.27 0425.28 0411.65 0393.14 0366.42
 0336.48 0308.45 0281.81 0245.75 0198.34 0150.14 0088.61 0037.01 0008.23 0000.00
 0000.00 0000.00 0000.00 0000.00 0000.00 0000.00 0000.00

#45
 0000.00 1183.12 1171.51 1161.45 1147.51 1121.78 1077.13 1012.78 0939.39 0863.95
 0798.93 0748.32 0690.76 0582.82 0482.39 0435.31 0398.00 0360.67 0324.62 0283.73
 0245.04 0215.32 0185.55 0155.65 0126.67 0093.50 0057.67 0027.25 0006.62 0000.00
 0000.00 0000.00 0000.00 0000.00 0000.00 0000.00 0000.00

#46
 0000.00 1554.67 1523.43 1475.47 1393.36 1302.40 1237.94 1201.44 1177.81 1147.53
 1106.88 1055.70 0965.86 0841.61 0730.70 0663.66 0626.29 0587.58 0542.86 0486.88
 0420.39 0357.23 0312.97 0272.79 0222.12 0170.25 0111.15 0051.45 0019.02 0007.42
 0000.00 0000.00 0000.00 0000.00 0000.00 0000.00 0000.00

#47
 0000.00 1493.19 1479.16 1471.49 1467.98 1460.08 1446.27 1430.03 1405.02 1362.63
 1319.70 1285.48 1240.47 1193.14 1153.23 1111.77 1069.23 1027.12 0979.27 0918.65
 0848.65 0769.10 0668.05 0566.07 0471.29 0361.75 0226.48 0110.21 0044.77 0016.86
 0000.00 0000.00 0000.00 0000.00 0000.00 0000.00 0000.00

#48
 0000.00 1734.11 1727.94 1719.04 1707.94 1697.26 1686.43 1670.95 1655.89 1646.03
 1638.77 1632.05 1622.60 1607.66 1589.44 1575.07 1561.50 1539.98 1502.95 1446.31
 1375.03 1297.75 1213.56 1118.53 1010.68 0873.76 0667.31 0406.45 0183.04 0063.40
 0018.43 0000.00 0000.00 0000.00 0000.00 0000.00 0000.00

#49
 0000.00 1067.22 1046.47 1023.44 1004.40 0985.70 0965.03 0941.99 0915.79 0887.78
 0858.57 0824.23 0786.55 0727.87 0666.62 0636.47 0620.64 0606.15 0591.09 0572.52
 0553.06 0534.92 0514.59 0484.26 0412.21 0327.74 0267.96 0213.20 0156.02 0098.15
 0051.37 0019.57 0000.00 0000.00 0000.00 0000.00 0000.00

#50
 0000.00 3053.02 2999.05 2943.50 2863.82 2775.83 2695.29 2594.56 2471.82 2349.60
 2220.65 2107.36 2007.72 1819.91 1608.51 1503.31 1452.68 1401.00 1346.06 1287.47
 1219.42 1140.57 1049.74 0926.68 0783.90 0625.77 0460.81 0346.72 0261.78 0154.97
 0064.72 0021.43 0000.00 0000.00 0000.00 0000.00 0000.00

#51
 0000.00 3532.33 3487.91 3437.47 3384.08 3333.36 3272.13 3187.98 3081.27 2960.53
 2839.64 2717.86 2568.47 2235.66 1822.23 1616.64 1550.04 1484.73 1408.01 1329.11
 1248.11 1152.58 1024.16 0866.73 0744.88 0659.55 0511.38 0367.99 0302.05 0230.47
 0108.97 0029.79 0007.06 0000.00 0000.00 0000.00 0000.00

#52
 0000.00 3110.03 3027.87 2959.65 2894.20 2825.07 2755.52 2692.45 2629.93 2557.25
 2454.29 2336.55 2218.07 1993.02 1711.02 1542.41 1456.14 1380.28 1310.00 1242.35
 1167.70 1078.32 0990.02 0897.14 0796.12 0693.27 0596.09 0511.66 0443.54 0352.12
 0219.34 0110.65 0049.52 0014.11 0000.00 0000.00 0000.00

#53
 0000.00 1916.97 1872.89 1825.98 1771.72 1708.91 1639.15 1567.16 1497.14 1430.23
 1365.00 1309.62 1262.89 1209.37 1145.22 1092.71 1056.53 1019.21 0979.44 0918.41
 0845.94 0782.98 0727.68 0678.90 0624.66 0560.75 0501.38 0447.55 0391.97 0325.27
 0200.32 0078.82 0027.99 0010.66 0000.00 0000.00 0000.00

#54
 0000.00 1274.91 1265.02 1254.41 1238.33 1215.17 1165.73 1081.79 0984.23 0910.13
 0864.94 0826.07 0787.73 0751.17 0716.90 0685.10 0654.53 0623.79 0592.33 0559.81
 0530.51 0495.78 0462.50 0439.17 0414.60 0389.33 0363.16 0328.04 0287.96 0245.75
 0186.51 0119.46 0059.04 0019.26 0000.00 0000.00 0000.00

#55
 0000.00 0000.00 0000.00 0000.00 0000.00 0000.00 0000.00 0000.00 0000.00 0000.00
 0000.00 0000.00 0000.00 0000.00 0000.00 0000.00 0000.00 0000.00 0000.00 0000.00
 0000.00 0000.00 0000.00 0000.00 0000.00 0000.00 0000.00 0000.00 0000.00 0000.00
 0000.00 0000.00 0000.00 0000.00 0000.00 0000.00 0000.00

#56
 0000.00 0000.00 0000.00 0000.00 0000.00 0000.00 0000.00 0000.00 0000.00 0000.00
 0000.00 0000.00 0000.00 0000.00 0000.00 0000.00 0000.00 0000.00 0000.00 0000.00
 0000.00 0000.00 0000.00 0000.00 0000.00 0000.00 0000.00 0000.00 0000.00 0000.00
 0000.00 0000.00 0000.00 0000.00 0000.00 0000.00 0000.00

#57
 0000.00 0058.31 0018.53 0000.00 0000.00 0000.00 0000.00 0000.00 0000.00 0000.00
 0000.00 0000.00 0000.00 0000.00 0000.00 0000.00 0000.00 0000.00 0000.00 0000.00
 0000.00 0000.00 0000.00 0000.00 0000.00 0000.00 0000.00 0000.00 0000.00 0000.00
 0000.00 0000.00 0000.00 0000.00 0000.00 0000.00 0000.00

#58
 0000.00 0144.24 0067.52 0030.47 0008.71 0000.00 0000.00 0000.00 0000.00 0000.00
 0000.00 0000.00 0000.00 0000.00 0000.00 0000.00 0000.00 0000.00 0000.00 0000.00
 0000.00 0000.00 0000.00 0000.00 0000.00 0000.00 0000.00 0000.00 0000.00 0000.00
 0000.00 0000.00 0000.00 0000.00 0000.00 0000.00 0000.00

#59
 0000.00 0359.36 0269.23 0200.68 0130.07 0062.03 0019.50 0000.00 0000.00 0000.00
 0000.00 0000.00 0000.00 0000.00 0000.00 0000.00 0000.00 0000.00 0000.00 0000.00
 0000.00 0000.00 0000.00 0000.00 0000.00 0000.00 0000.00 0000.00 0000.00 0000.00
 0000.00 0000.00 0000.00 0000.00 0000.00 0000.00 0000.00

#60
 0000.00 0466.49 0379.55 0273.62 0176.58 0088.49 0026.23 0000.00 0000.00 0000.00
 0000.00 0000.00 0000.00 0000.00 0000.00 0000.00 0000.00 0000.00 0000.00 0000.00
 0000.00 0000.00 0000.00 0000.00 0000.00 0000.00 0000.00 0000.00 0000.00 0000.00
 0000.00 0000.00 0000.00 0000.00 0000.00 0000.00 0000.00

#61
 0000.00 0402.90 0373.42 0344.70 0283.09 0168.37 0051.29 0000.00 0000.00 0000.00
 0000.00 0000.00 0000.00 0000.00 0000.00 0000.00 0000.00 0000.00 0000.00 0000.00
 0000.00 0000.00 0000.00 0000.00 0000.00 0000.00 0000.00 0000.00 0000.00 0000.00
 0000.00 0000.00 0000.00 0000.00 0000.00 0000.00 0000.00

#62
 0000.00 0446.54 0382.95 0321.24 0256.50 0183.22 0103.23 0032.97 0000.00 0000.00
 0000.00 0000.00 0000.00 0000.00 0000.00 0000.00 0000.00 0000.00 0000.00 0000.00
 0000.00 0000.00 0000.00 0000.00 0000.00 0000.00 0000.00 0000.00 0000.00 0000.00
 0000.00 0000.00 0000.00 0000.00 0000.00 0000.00 0000.00

#63
 0000.00 0660.74 0583.54 0506.24 0421.09 0310.58 0191.33 0071.77 0011.35 0000.00
 0000.00 0000.00 0000.00 0000.00 0000.00 0000.00 0000.00 0000.00 0000.00 0000.00
 0000.00 0000.00 0000.00 0000.00 0000.00 0000.00 0000.00 0000.00 0000.00 0000.00
 0000.00 0000.00 0000.00 0000.00 0000.00 0000.00 0000.00

#64
 0000.00 0357.08 0302.17 0263.91 0229.47 0198.38 0150.02 0069.54 0010.05 0000.00
 0000.00 0000.00 0000.00 0000.00 0000.00 0000.00 0000.00 0000.00 0000.00 0000.00
 0000.00 0000.00 0000.00 0000.00 0000.00 0000.00 0000.00 0000.00 0000.00 0000.00
 0000.00 0000.00 0000.00 0000.00 0000.00 0000.00 0000.00

#65
 0000.00 0552.80 0483.76 0425.26 0369.99 0316.82 0265.45 0207.25 0134.79 0066.12
 0021.20 0000.00 0000.00 0000.00 0000.00 0000.00 0000.00 0000.00 0000.00 0000.00
 0000.00 0000.00 0000.00 0000.00 0000.00 0000.00 0000.00 0000.00 0000.00 0000.00
 0000.00 0000.00 0000.00 0000.00 0000.00 0000.00 0000.00

#66
 0000.00 0606.93 0554.22 0502.52 0448.15 0401.62 0349.12 0290.00 0210.31 0114.88
 0051.35 0016.93 0000.00 0000.00 0000.00 0000.00 0000.00 0000.00 0000.00 0000.00
 0000.00 0000.00 0000.00 0000.00 0000.00 0000.00 0000.00 0000.00 0000.00 0000.00
 0000.00 0000.00 0000.00 0000.00 0000.00 0000.00 0000.00

#67
 0000.00 0659.71 0582.22 0505.48 0431.37 0369.80 0311.93 0243.01 0154.23 0069.44
 0021.82 0005.82 0000.00 0000.00 0000.00 0000.00 0000.00 0000.00 0000.00 0000.00
 0000.00 0000.00 0000.00 0000.00 0000.00 0000.00 0000.00 0000.00 0000.00 0000.00
 0000.00 0000.00 0000.00 0000.00 0000.00 0000.00 0000.00

#68
 0000.00 0686.36 0615.72 0537.45 0470.92 0406.91 0360.21 0314.08 0255.98 0195.15
 0135.74 0066.52 0017.78 0000.00 0000.00 0000.00 0000.00 0000.00 0000.00 0000.00
 0000.00 0000.00 0000.00 0000.00 0000.00 0000.00 0000.00 0000.00 0000.00 0000.00
 0000.00 0000.00 0000.00 0000.00 0000.00 0000.00 0000.00

#69
 0000.00 0671.63 0591.23 0513.70 0450.82 0401.01 0364.78 0324.88 0282.52 0229.01
 0164.83 0108.33 0040.32 0000.00 0000.00 0000.00 0000.00 0000.00 0000.00 0000.00
 0000.00 0000.00 0000.00 0000.00 0000.00 0000.00 0000.00 0000.00 0000.00 0000.00
 0000.00 0000.00 0000.00 0000.00 0000.00 0000.00 0000.00

#70
 0000.00 0506.29 0465.75 0430.09 0397.20 0369.41 0346.35 0319.72 0285.85 0248.17
 0209.12 0158.00 0097.14 0046.55 0009.29 0000.00 0000.00 0000.00 0000.00 0000.00
 0000.00 0000.00 0000.00 0000.00 0000.00 0000.00 0000.00 0000.00 0000.00 0000.00
 0000.00 0000.00 0000.00 0000.00 0000.00 0000.00 0000.00

#71
 0000.00 1852.95 1617.94 1416.39 1229.83 1061.31 0924.23 0797.60 0686.97 0587.57
 0476.98 0378.94 0293.97 0186.07 0042.00 0000.00 0000.00 0000.00 0000.00 0000.00
 0000.00 0000.00 0000.00 0000.00 0000.00 0000.00 0000.00 0000.00 0000.00 0000.00
 0000.00 0000.00 0000.00 0000.00 0000.00 0000.00 0000.00

#72
 0000.00 1347.66 1260.69 1182.89 1088.83 0963.96 0857.42 0784.79 0719.86 0655.79
 0584.66 0503.91 0422.81 0300.90 0158.95 0076.69 0041.68 0022.11 0010.77 0000.00
 0000.00 0000.00 0000.00 0000.00 0000.00 0000.00 0000.00 0000.00 0000.00 0000.00
 0000.00 0000.00 0000.00 0000.00 0000.00 0000.00 0000.00

#73
 0000.00 2595.92 2369.45 2152.29 1947.16 1717.35 1509.40 1331.34 1154.65 1008.62
 0870.00 0704.21 0532.55 0397.67 0301.10 0226.65 0168.38 0118.23 0076.01 0033.75
 0000.00 0000.00 0000.00 0000.00 0000.00 0000.00 0000.00 0000.00 0000.00 0000.00
 0000.00 0000.00 0000.00 0000.00 0000.00 0000.00 0000.00

#74
 0000.00 1271.21 1167.88 1058.81 0940.00 0825.27 0738.51 0682.19 0640.90 0592.55
 0533.03 0482.02 0443.23 0401.25 0345.81 0295.83 0255.43 0208.82 0112.57 0022.65
 0000.00 0000.00 0000.00 0000.00 0000.00 0000.00 0000.00 0000.00 0000.00 0000.00
 0000.00 0000.00 0000.00 0000.00 0000.00 0000.00 0000.00

#75
 0000.00 1324.30 1230.89 1139.02 1055.36 0975.47 0893.77 0810.64 0722.75 0628.16
 0536.91 0466.14 0401.52 0339.13 0283.78 0240.86 0209.63 0177.03 0141.27 0051.69
 0000.00 0000.00 0000.00 0000.00 0000.00 0000.00 0000.00 0000.00 0000.00 0000.00
 0000.00 0000.00 0000.00 0000.00 0000.00 0000.00 0000.00

#76
 0000.00 0946.08 0928.38 0909.61 0887.74 0864.81 0846.35 0821.02 0786.41 0749.64
 0697.16 0651.77 0617.08 0502.69 0378.09 0318.17 0268.09 0218.56 0165.32 0112.97
 0066.73 0017.08 0000.00 0000.00 0000.00 0000.00 0000.00 0000.00 0000.00 0000.00
 0000.00 0000.00 0000.00 0000.00 0000.00 0000.00 0000.00

#77
 0000.00 1040.04 0997.43 0951.71 0903.76 0864.65 0824.82 0775.93 0725.29 0676.94
 0630.31 0575.10 0507.98 0443.46 0398.06 0375.56 0360.51 0343.94 0318.08 0256.10
 0112.68 0018.59 0000.00 0000.00 0000.00 0000.00 0000.00 0000.00 0000.00 0000.00
 0000.00 0000.00 0000.00 0000.00 0000.00 0000.00 0000.00

#78
 0000.00 1194.94 1166.24 1141.14 1118.05 1092.74 1065.03 1035.90 1000.74 0938.84
 0817.84 0701.64 0633.51 0578.11 0498.27 0429.81 0397.08 0365.96 0335.22 0297.32
 0237.81 0122.64 0028.82 0000.00 0000.00 0000.00 0000.00 0000.00 0000.00 0000.00
 0000.00 0000.00 0000.00 0000.00 0000.00 0000.00 0000.00

#79
 0000.00 2363.81 2217.71 2076.35 1939.54 1781.89 1616.17 1453.93 1287.30 1111.41
 0940.79 0800.83 0666.85 0519.59 0415.55 0368.46 0332.26 0290.57 0248.55 0209.29
 0168.27 0128.16 0062.94 0009.57 0000.00 0000.00 0000.00 0000.00 0000.00 0000.00
 0000.00 0000.00 0000.00 0000.00 0000.00 0000.00 0000.00

#80
 0000.00 2169.87 2110.91 2045.92 1965.52 1877.50 1794.53 1706.31 1607.81 1473.27
 1321.98 1183.87 1037.32 0869.22 0722.30 0638.46 0584.57 0531.31 0469.85 0385.82
 0303.71 0245.11 0181.66 0075.64 0007.81 0000.00 0000.00 0000.00 0000.00 0000.00
 0000.00 0000.00 0000.00 0000.00 0000.00 0000.00 0000.00

#81
 0000.00 1759.91 1660.72 1575.20 1490.52 1404.24 1313.78 1233.94 1152.42 1015.25
 0855.81 0728.20 0630.81 0563.71 0506.88 0461.97 0440.16 0420.70 0403.13 0378.19
 0339.99 0298.26 0251.43 0173.43 0066.17 0007.16 0000.00 0000.00 0000.00 0000.00
 0000.00 0000.00 0000.00 0000.00 0000.00 0000.00 0000.00

#82
 0000.00 1346.85 1334.76 1321.35 1306.78 1293.37 1282.12 1271.02 1255.62 1218.77
 1167.80 1124.28 1073.19 0928.05 0730.59 0624.71 0581.15 0536.10 0490.89 0440.77
 0375.02 0304.89 0243.29 0185.89 0132.47 0067.78 0015.55 0000.00 0000.00 0000.00
 0000.00 0000.00 0000.00 0000.00 0000.00 0000.00 0000.00

#83
 0000.00 1485.33 1446.79 1413.15 1381.18 1343.61 1309.49 1279.73 1251.20 1221.43
 1180.89 1144.61 1109.68 1014.02 0874.51 0785.50 0740.62 0701.15 0662.08 0612.97
 0567.71 0530.86 0496.01 0460.10 0422.56 0313.48 0128.33 0020.71 0000.00 0000.00
 0000.00 0000.00 0000.00 0000.00 0000.00 0000.00 0000.00

#84
 0000.00 1241.02 1219.10 1187.29 1148.88 1106.79 1072.80 1047.47 1019.75 0988.08
 0953.51 0899.76 0828.78 0774.32 0729.81 0696.02 0676.09 0653.00 0626.99 0596.49
 0560.71 0515.08 0458.24 0391.80 0317.02 0227.03 0113.82 0030.98 0000.00 0000.00
 0000.00 0000.00 0000.00 0000.00 0000.00 0000.00 0000.00

#85
 0000.00 0000.00 0000.00 0000.00 0000.00 0000.00 0000.00 0000.00 0000.00 0000.00
 0000.00 0000.00 0000.00 0000.00 0000.00 0000.00 0000.00 0000.00 0000.00 0000.00
 0000.00 0000.00 0000.00 0000.00 0000.00 0000.00 0000.00 0000.00 0000.00 0000.00
 0000.00 0000.00 0000.00 0000.00 0000.00 0000.00 0000.00

