  Bathymetry file for waterbody 1
 
DLX
 250.000 250.000 250.000 250.000 249.000 249.000 250.000 250.000 248.000 384.000
 190.000 206.000 249.000 192.000 313.000 226.000 227.000 283.000 260.000 212.000
 231.000 269.000 308.000 242.000 237.000 200.000 321.000 375.000 553.000 327.000
 273.000 354.000 322.000 360.000 298.000 425.000 279.000 246.000 359.000 228.000
 281.000 510.000 269.000 257.000 323.000 309.000 228.000 365.000 714.000 326.000
 340.000 340.000 532.000 283.000 283.000 250.000 250.000 250.000 250.000 267.000
 232.000 226.000 274.000 209.000 280.000 251.000 255.000 159.000 171.000 280.000
 346.000 283.000 298.000 339.000 295.000 192.000 299.000 249.000 339.000 414.000
 270.000 302.000 205.000 379.000 379.000
 
ELWS
185.860 185.860 185.860 185.860 185.860 185.860 185.860 185.860 185.860 185.860
185.860 185.860 185.860 185.860 185.860 185.860 185.860 185.860 185.860 185.860
185.860 185.860 185.860 185.860 185.860 185.860 185.860 185.860 185.860 185.860
185.860 185.860 185.860 185.860 185.860 185.860 185.860 185.860 185.860 185.860
185.860 185.860 185.860 185.860 185.860 185.860 185.860 185.860 185.860 185.860
185.860 185.860 185.860 185.860 185.860 185.860 185.860 185.860 185.860 185.860
185.860 185.860 185.860 185.860 185.860 185.860 185.860 185.860 185.860 185.860
185.860 185.860 185.860 185.860 185.860 185.860 185.860 185.860 185.860 185.860
185.860 185.860 185.860 185.860 185.860

Angle
 2.25000 2.25000 2.25000 2.64000 2.95000 3.33000 3.64000 3.57000 3.53000 3.41000
 3.32000 3.21000 3.18000 3.18000 3.07000 2.80000 2.80000 2.30000 2.15000 2.33000
 2.37000 2.47000 2.49000 2.49000 2.77000 3.27000 3.40000 3.33000 2.68000 2.22000
 2.62000 3.01000 3.23000 2.89000 2.36000 2.18000 2.46000 2.94000 3.62000 3.49000
 3.15000 2.82000 2.79000 2.77000 2.77000 2.81000 3.39000 3.42000 4.09000 3.28000
 2.51000 2.19000 1.83000 1.93000 1.93000 2.43000 2.43000 2.40000 2.30000 2.11000
 1.79000 1.79000 1.80000 1.87000 2.47000 2.53000 2.37000 2.50000 2.88000 3.00000
 2.37000 1.99000 1.55000 1.58000 1.90000 2.72000 2.76000 1.97000 1.76000 1.86000
 1.97000 1.70000 1.47000 1.44000 1.44000

Friction
 70.0000 70.0000 70.0000 70.0000 70.0000 70.0000 70.0000 70.0000 70.0000 70.0000
 70.0000 70.0000 70.0000 70.0000 70.0000 70.0000 70.0000 70.0000 70.0000 70.0000
 70.0000 70.0000 70.0000 70.0000 70.0000 70.0000 70.0000 70.0000 70.0000 70.0000
 70.0000 70.0000 70.0000 70.0000 70.0000 70.0000 70.0000 70.0000 70.0000 70.0000
 70.0000 70.0000 70.0000 70.0000 70.0000 70.0000 70.0000 70.0000 70.0000 70.0000
 70.0000 70.0000 70.0000 70.0000 70.0000 70.0000 70.0000 70.0000 70.0000 70.0000
 70.0000 70.0000 70.0000 70.0000 70.0000 70.0000 70.0000 70.0000 70.0000 70.0000
 70.0000 70.0000 70.0000 70.0000 70.0000 70.0000 70.0000 70.0000 70.0000 70.0000
 70.0000 70.0000 70.0000 70.0000 70.0000

DZ
 1.00000 1.00000 1.00000 1.00000 1.00000 1.00000 1.00000 1.00000 1.00000 1.00000
 1.00000 1.00000 1.00000 1.00000 1.00000 1.00000 1.00000 1.00000 1.00000 1.00000
 1.00000 1.00000 1.00000 1.00000 1.00000 1.00000 1.00000 1.00000 1.00000 1.00000
 1.00000 1.00000 1.00000 1.00000 1.00000 1.00000 1.00000

Width of Segment #1
 0.00000 0.00000 0.00000 0.00000 0.00000 0.00000 0.00000 0.00000 0.00000 0.00000
 0.00000 0.00000 0.00000 0.00000 0.00000 0.00000 0.00000 0.00000 0.00000 0.00000
 0.00000 0.00000 0.00000 0.00000 0.00000 0.00000 0.00000 0.00000 0.00000 0.00000
 0.00000 0.00000 0.00000 0.00000 0.00000 0.00000 0.00000

Width of Segment #2
 0.00000 95.4300 47.4800 8.13000 0.00000 0.00000 0.00000 0.00000 0.00000 0.00000
 0.00000 0.00000 0.00000 0.00000 0.00000 0.00000 0.00000 0.00000 0.00000 0.00000
 0.00000 0.00000 0.00000 0.00000 0.00000 0.00000 0.00000 0.00000 0.00000 0.00000
 0.00000 0.00000 0.00000 0.00000 0.00000 0.00000 0.00000

Width of Segment #3
 0.00000 103.990 80.4000 0.00000 0.00000 0.00000 0.00000 0.00000 0.00000 0.00000
 0.00000 0.00000 0.00000 0.00000 0.00000 0.00000 0.00000 0.00000 0.00000 0.00000
 0.00000 0.00000 0.00000 0.00000 0.00000 0.00000 0.00000 0.00000 0.00000 0.00000
 0.00000 0.00000 0.00000 0.00000 0.00000 0.00000 0.00000

Width of Segment #4
 0.00000 139.500 109.910 71.2600 20.2300 0.00000 0.00000 0.00000 0.00000 0.00000
 0.00000 0.00000 0.00000 0.00000 0.00000 0.00000 0.00000 0.00000 0.00000 0.00000
 0.00000 0.00000 0.00000 0.00000 0.00000 0.00000 0.00000 0.00000 0.00000 0.00000
 0.00000 0.00000 0.00000 0.00000 0.00000 0.00000 0.00000

Width of Segment #5
 0.00000 215.090 172.160 99.0200 19.6800 0.00000 0.00000 0.00000 0.00000 0.00000
 0.00000 0.00000 0.00000 0.00000 0.00000 0.00000 0.00000 0.00000 0.00000 0.00000
 0.00000 0.00000 0.00000 0.00000 0.00000 0.00000 0.00000 0.00000 0.00000 0.00000
 0.00000 0.00000 0.00000 0.00000 0.00000 0.00000 0.00000

Width of Segment #6
 0.00000 297.490 222.380 144.340 79.3100 36.3100 8.82000 0.00000 0.00000 0.00000
 0.00000 0.00000 0.00000 0.00000 0.00000 0.00000 0.00000 0.00000 0.00000 0.00000
 0.00000 0.00000 0.00000 0.00000 0.00000 0.00000 0.00000 0.00000 0.00000 0.00000
 0.00000 0.00000 0.00000 0.00000 0.00000 0.00000 0.00000

Width of Segment #7
 0.00000 249.880 216.290 178.720 136.680 90.5200 48.9000 19.2000 0.00000 0.00000
 0.00000 0.00000 0.00000 0.00000 0.00000 0.00000 0.00000 0.00000 0.00000 0.00000
 0.00000 0.00000 0.00000 0.00000 0.00000 0.00000 0.00000 0.00000 0.00000 0.00000
 0.00000 0.00000 0.00000 0.00000 0.00000 0.00000 0.00000

Width of Segment #8
 0.00000 245.320 220.450 184.590 147.930 118.520 87.8900 49.2500 17.1300 0.00000
 0.00000 0.00000 0.00000 0.00000 0.00000 0.00000 0.00000 0.00000 0.00000 0.00000
 0.00000 0.00000 0.00000 0.00000 0.00000 0.00000 0.00000 0.00000 0.00000 0.00000
 0.00000 0.00000 0.00000 0.00000 0.00000 0.00000 0.00000

Width of Segment #9
 0.00000 243.270 206.840 178.080 148.680 116.390 78.2000 34.5900 5.38000 0.00000
 0.00000 0.00000 0.00000 0.00000 0.00000 0.00000 0.00000 0.00000 0.00000 0.00000
 0.00000 0.00000 0.00000 0.00000 0.00000 0.00000 0.00000 0.00000 0.00000 0.00000
 0.00000 0.00000 0.00000 0.00000 0.00000 0.00000 0.00000

Width of Segment #10
 0.00000 808.330 681.130 563.630 429.380 278.930 155.430 86.7200 45.9100 14.6400
 0.00000 0.00000 0.00000 0.00000 0.00000 0.00000 0.00000 0.00000 0.00000 0.00000
 0.00000 0.00000 0.00000 0.00000 0.00000 0.00000 0.00000 0.00000 0.00000 0.00000
 0.00000 0.00000 0.00000 0.00000 0.00000 0.00000 0.00000

Width of Segment #11
 0.00000 438.910 415.190 389.150 354.780 265.780 166.040 78.1000 21.0000 0.00000
 0.00000 0.00000 0.00000 0.00000 0.00000 0.00000 0.00000 0.00000 0.00000 0.00000
 0.00000 0.00000 0.00000 0.00000 0.00000 0.00000 0.00000 0.00000 0.00000 0.00000
 0.00000 0.00000 0.00000 0.00000 0.00000 0.00000 0.00000

Width of Segment #12
 0.00000 612.310 575.100 518.300 451.310 364.970 253.660 148.130 79.5300 41.1800
 15.1300 0.00000 0.00000 0.00000 0.00000 0.00000 0.00000 0.00000 0.00000 0.00000
 0.00000 0.00000 0.00000 0.00000 0.00000 0.00000 0.00000 0.00000 0.00000 0.00000
 0.00000 0.00000 0.00000 0.00000 0.00000 0.00000 0.00000

Width of Segment #13
 0.00000 600.980 583.310 562.410 525.100 459.460 328.400 138.530 31.4900 0.00000
 0.00000 0.00000 0.00000 0.00000 0.00000 0.00000 0.00000 0.00000 0.00000 0.00000
 0.00000 0.00000 0.00000 0.00000 0.00000 0.00000 0.00000 0.00000 0.00000 0.00000
 0.00000 0.00000 0.00000 0.00000 0.00000 0.00000 0.00000

Width of Segment #14
 0.00000 679.600 637.100 589.680 539.900 473.650 313.380 128.970 43.5700 18.5100
 0.00000 0.00000 0.00000 0.00000 0.00000 0.00000 0.00000 0.00000 0.00000 0.00000
 0.00000 0.00000 0.00000 0.00000 0.00000 0.00000 0.00000 0.00000 0.00000 0.00000
 0.00000 0.00000 0.00000 0.00000 0.00000 0.00000 0.00000

Width of Segment #15
 0.00000 877.020 814.280 735.040 649.870 555.740 454.380 341.700 215.480 118.130
 57.2700 17.2600 0.00000 0.00000 0.00000 0.00000 0.00000 0.00000 0.00000 0.00000
 0.00000 0.00000 0.00000 0.00000 0.00000 0.00000 0.00000 0.00000 0.00000 0.00000
 0.00000 0.00000 0.00000 0.00000 0.00000 0.00000 0.00000

Width of Segment #16
 0.00000 656.280 610.260 561.300 505.690 451.990 404.420 328.280 223.140 118.490
 54.2400 24.7900 8.73000 0.00000 0.00000 0.00000 0.00000 0.00000 0.00000 0.00000
 0.00000 0.00000 0.00000 0.00000 0.00000 0.00000 0.00000 0.00000 0.00000 0.00000
 0.00000 0.00000 0.00000 0.00000 0.00000 0.00000 0.00000

Width of Segment #17
 0.00000 739.320 689.690 643.740 601.390 554.010 501.490 388.060 222.530 76.3400
 7.93000 0.00000 0.00000 0.00000 0.00000 0.00000 0.00000 0.00000 0.00000 0.00000
 0.00000 0.00000 0.00000 0.00000 0.00000 0.00000 0.00000 0.00000 0.00000 0.00000
 0.00000 0.00000 0.00000 0.00000 0.00000 0.00000 0.00000

Width of Segment #18
 0.00000 579.440 555.630 537.250 509.440 473.200 425.470 358.350 262.820 162.490
 91.1400 45.0200 13.2100 0.00000 0.00000 0.00000 0.00000 0.00000 0.00000 0.00000
 0.00000 0.00000 0.00000 0.00000 0.00000 0.00000 0.00000 0.00000 0.00000 0.00000
 0.00000 0.00000 0.00000 0.00000 0.00000 0.00000 0.00000

Width of Segment #19
 0.00000 607.930 561.970 510.690 457.280 408.030 364.640 323.990 279.300 205.750
 116.750 58.0700 20.0100 0.00000 0.00000 0.00000 0.00000 0.00000 0.00000 0.00000
 0.00000 0.00000 0.00000 0.00000 0.00000 0.00000 0.00000 0.00000 0.00000 0.00000
 0.00000 0.00000 0.00000 0.00000 0.00000 0.00000 0.00000

Width of Segment #20
 0.00000 576.480 539.100 514.340 484.320 445.360 400.220 338.480 274.790 228.740
 195.340 159.680 112.200 29.0900 0.00000 0.00000 0.00000 0.00000 0.00000 0.00000
 0.00000 0.00000 0.00000 0.00000 0.00000 0.00000 0.00000 0.00000 0.00000 0.00000
 0.00000 0.00000 0.00000 0.00000 0.00000 0.00000 0.00000

Width of Segment #21
 0.00000 625.430 590.850 564.670 516.480 453.400 386.130 316.390 257.270 212.330
 177.850 145.420 111.370 47.6100 0.00000 0.00000 0.00000 0.00000 0.00000 0.00000
 0.00000 0.00000 0.00000 0.00000 0.00000 0.00000 0.00000 0.00000 0.00000 0.00000
 0.00000 0.00000 0.00000 0.00000 0.00000 0.00000 0.00000

Width of Segment #22
 0.00000 705.340 668.090 623.480 586.930 552.300 511.000 460.860 405.460 348.650
 278.610 207.570 152.930 68.4900 7.31000 0.00000 0.00000 0.00000 0.00000 0.00000
 0.00000 0.00000 0.00000 0.00000 0.00000 0.00000 0.00000 0.00000 0.00000 0.00000
 0.00000 0.00000 0.00000 0.00000 0.00000 0.00000 0.00000

Width of Segment #23
 0.00000 1004.86 914.330 802.300 688.110 582.330 501.220 414.360 315.540 243.210
 202.910 176.000 146.250 91.3300 19.3700 0.00000 0.00000 0.00000 0.00000 0.00000
 0.00000 0.00000 0.00000 0.00000 0.00000 0.00000 0.00000 0.00000 0.00000 0.00000
 0.00000 0.00000 0.00000 0.00000 0.00000 0.00000 0.00000

Width of Segment #24
 0.00000 779.680 738.310 687.420 640.610 602.380 559.330 471.550 367.370 306.620
 271.120 233.570 194.130 151.870 42.9800 0.00000 0.00000 0.00000 0.00000 0.00000
 0.00000 0.00000 0.00000 0.00000 0.00000 0.00000 0.00000 0.00000 0.00000 0.00000
 0.00000 0.00000 0.00000 0.00000 0.00000 0.00000 0.00000

Width of Segment #25
 0.00000 905.460 841.400 782.290 721.950 659.430 584.300 503.730 409.970 332.200
 296.550 275.480 252.410 188.430 47.4000 0.00000 0.00000 0.00000 0.00000 0.00000
 0.00000 0.00000 0.00000 0.00000 0.00000 0.00000 0.00000 0.00000 0.00000 0.00000
 0.00000 0.00000 0.00000 0.00000 0.00000 0.00000 0.00000

Width of Segment #26
 0.00000 609.480 538.260 462.790 408.100 370.350 330.520 295.390 258.930 219.270
 194.200 176.410 153.570 107.960 47.7900 10.5900 0.00000 0.00000 0.00000 0.00000
 0.00000 0.00000 0.00000 0.00000 0.00000 0.00000 0.00000 0.00000 0.00000 0.00000
 0.00000 0.00000 0.00000 0.00000 0.00000 0.00000 0.00000

Width of Segment #27
 0.00000 2716.80 2479.82 2270.03 2049.90 1832.50 1608.66 1354.47 1128.81 956.350
 814.170 678.760 521.110 302.720 115.310 31.2300 0.00000 0.00000 0.00000 0.00000
 0.00000 0.00000 0.00000 0.00000 0.00000 0.00000 0.00000 0.00000 0.00000 0.00000
 0.00000 0.00000 0.00000 0.00000 0.00000 0.00000 0.00000

Width of Segment #28
 0.00000 1219.32 1058.08 954.160 881.220 813.260 753.430 691.730 635.870 588.360
 546.850 518.620 488.150 449.720 358.420 207.190 62.7100 0.00000 0.00000 0.00000
 0.00000 0.00000 0.00000 0.00000 0.00000 0.00000 0.00000 0.00000 0.00000 0.00000
 0.00000 0.00000 0.00000 0.00000 0.00000 0.00000 0.00000

Width of Segment #29
 0.00000 1238.22 1139.30 1035.28 929.500 828.570 744.450 658.530 562.350 483.010
 434.620 403.990 363.150 308.150 241.140 164.720 85.9300 21.5400 0.00000 0.00000
 0.00000 0.00000 0.00000 0.00000 0.00000 0.00000 0.00000 0.00000 0.00000 0.00000
 0.00000 0.00000 0.00000 0.00000 0.00000 0.00000 0.00000

Width of Segment #30
 0.00000 762.070 744.930 724.750 699.180 659.950 626.580 607.010 589.740 575.980
 562.830 548.450 533.930 503.340 435.030 344.550 248.990 141.480 59.4800 25.8900
 13.1500 0.00000 0.00000 0.00000 0.00000 0.00000 0.00000 0.00000 0.00000 0.00000
 0.00000 0.00000 0.00000 0.00000 0.00000 0.00000 0.00000

Width of Segment #31
 0.00000 832.220 811.510 785.300 750.460 712.200 679.060 635.510 572.350 517.820
 489.170 469.000 433.100 334.620 240.420 200.350 171.440 144.850 121.090 95.9800
 59.5300 23.5600 6.38000 0.00000 0.00000 0.00000 0.00000 0.00000 0.00000 0.00000
 0.00000 0.00000 0.00000 0.00000 0.00000 0.00000 0.00000

Width of Segment #32
 0.00000 2032.40 1834.26 1647.97 1470.83 1264.20 1028.90 858.350 767.480 695.770
 645.980 616.340 582.220 499.320 412.570 370.660 338.280 302.490 250.710 194.860
 142.570 85.2700 34.7200 6.35000 0.00000 0.00000 0.00000 0.00000 0.00000 0.00000
 0.00000 0.00000 0.00000 0.00000 0.00000 0.00000 0.00000

Width of Segment #33
 0.00000 1462.56 1384.76 1296.74 1208.33 1135.86 1059.81 975.800 889.060 799.280
 719.740 660.100 611.960 508.400 408.470 371.500 344.160 314.780 273.840 196.940
 122.550 76.0600 41.4400 12.4600 0.00000 0.00000 0.00000 0.00000 0.00000 0.00000
 0.00000 0.00000 0.00000 0.00000 0.00000 0.00000 0.00000

Width of Segment #34
 0.00000 1929.76 1860.44 1788.77 1721.99 1651.65 1559.29 1449.06 1317.94 1118.95
 910.330 763.460 651.580 558.900 494.980 459.790 433.130 403.780 359.220 281.360
 154.310 73.0700 44.4300 13.5700 0.00000 0.00000 0.00000 0.00000 0.00000 0.00000
 0.00000 0.00000 0.00000 0.00000 0.00000 0.00000 0.00000

Width of Segment #35
 0.00000 1817.19 1751.07 1676.17 1584.29 1495.31 1415.23 1335.73 1266.82 1210.82
 1165.04 1115.65 1031.90 872.820 693.880 594.980 550.880 506.020 432.820 335.580
 223.650 117.850 58.5600 27.3400 7.41000 0.00000 0.00000 0.00000 0.00000 0.00000
 0.00000 0.00000 0.00000 0.00000 0.00000 0.00000 0.00000

Width of Segment #36
 0.00000 1510.81 1472.75 1432.09 1394.41 1353.37 1314.42 1266.49 1215.93 1154.97
 1086.21 1023.72 955.890 859.420 696.620 572.040 520.140 467.630 413.100 354.990
 293.930 232.640 167.650 100.620 49.9700 20.2900 6.50000 0.00000 0.00000 0.00000
 0.00000 0.00000 0.00000 0.00000 0.00000 0.00000 0.00000

Width of Segment #37
 0.00000 2082.88 2008.11 1931.97 1855.05 1775.67 1687.93 1590.98 1495.45 1394.65
 1293.43 1211.31 1125.23 971.190 819.520 741.600 688.720 626.000 534.360 458.070
 409.570 317.380 167.690 58.3100 15.2500 0.00000 0.00000 0.00000 0.00000 0.00000
 0.00000 0.00000 0.00000 0.00000 0.00000 0.00000 0.00000

Width of Segment #38
 0.00000 2103.60 2041.36 1969.81 1899.90 1827.50 1752.11 1660.47 1548.84 1425.91
 1301.19 1186.55 1060.00 857.700 654.020 561.280 520.370 476.670 428.170 375.730
 315.420 242.080 146.060 49.0000 5.01000 0.00000 0.00000 0.00000 0.00000 0.00000
 0.00000 0.00000 0.00000 0.00000 0.00000 0.00000 0.00000

Width of Segment #39
 0.00000 1662.97 1588.27 1520.67 1459.76 1402.86 1344.98 1262.93 1174.84 1096.30
 1020.38 946.990 881.590 809.520 734.720 684.750 651.190 616.620 575.340 530.350
 473.400 407.110 329.900 168.950 48.3500 12.7300 0.00000 0.00000 0.00000 0.00000
 0.00000 0.00000 0.00000 0.00000 0.00000 0.00000 0.00000

Width of Segment #40
 0.00000 1486.82 1459.63 1430.67 1390.28 1341.59 1287.16 1233.04 1176.38 1103.93
 1027.19 958.820 894.760 811.320 738.920 701.480 672.980 640.480 586.720 518.720
 453.810 388.090 309.950 233.190 149.330 74.1400 33.4700 13.2200 0.00000 0.00000
 0.00000 0.00000 0.00000 0.00000 0.00000 0.00000 0.00000

Width of Segment #41
 0.00000 1173.65 1156.93 1138.59 1119.56 1093.55 1062.78 1035.02 1002.80 958.950
 902.140 847.210 798.450 739.590 685.310 652.630 627.360 595.270 534.540 460.450
 400.420 348.270 281.400 200.070 131.520 65.4400 15.3500 0.00000 0.00000 0.00000
 0.00000 0.00000 0.00000 0.00000 0.00000 0.00000 0.00000

Width of Segment #42
 0.00000 1485.86 1393.64 1318.96 1240.44 1152.16 1060.05 956.500 836.860 734.040
 656.710 589.250 536.610 483.500 437.360 412.710 393.680 375.060 356.130 336.620
 313.920 285.260 246.290 203.320 149.750 90.5000 47.0300 18.9900 5.49000 0.00000
 0.00000 0.00000 0.00000 0.00000 0.00000 0.00000 0.00000

Width of Segment #43
 0.00000 1297.02 1279.91 1249.38 1205.51 1157.15 1103.60 1055.89 1012.74 970.010
 926.660 884.130 827.600 752.660 689.620 648.260 618.350 584.460 536.740 479.820
 415.870 358.880 322.380 292.430 242.720 169.090 95.1600 35.9900 8.76000 0.00000
 0.00000 0.00000 0.00000 0.00000 0.00000 0.00000 0.00000

Width of Segment #44
 0.00000 1269.16 1220.17 1184.41 1158.93 1128.15 1071.97 1004.12 944.220 876.360
 791.390 699.290 600.210 509.030 458.900 439.270 425.280 411.650 393.140 366.420
 336.480 308.450 281.810 245.750 198.340 150.140 88.6100 37.0100 8.23000 0.00000
 0.00000 0.00000 0.00000 0.00000 0.00000 0.00000 0.00000

Width of Segment #45
 0.00000 1183.12 1171.51 1161.45 1147.51 1121.78 1077.13 1012.78 939.390 863.950
 798.930 748.320 690.760 582.820 482.390 435.310 398.000 360.670 324.620 283.730
 245.040 215.320 185.550 155.650 126.670 93.5000 57.6700 27.2500 6.62000 0.00000
 0.00000 0.00000 0.00000 0.00000 0.00000 0.00000 0.00000

Width of Segment #46
 0.00000 1554.67 1523.43 1475.47 1393.36 1302.40 1237.94 1201.44 1177.81 1147.53
 1106.88 1055.70 965.860 841.610 730.700 663.660 626.290 587.580 542.860 486.880
 420.390 357.230 312.970 272.790 222.120 170.250 111.150 51.4500 19.0200 7.42000
 0.00000 0.00000 0.00000 0.00000 0.00000 0.00000 0.00000

Width of Segment #47
 0.00000 1493.19 1479.16 1471.49 1467.98 1460.08 1446.27 1430.03 1405.02 1362.63
 1319.70 1285.48 1240.47 1193.14 1153.23 1111.77 1069.23 1027.12 979.270 918.650
 848.650 769.100 668.050 566.070 471.290 361.750 226.480 110.210 44.7700 16.8600
 0.00000 0.00000 0.00000 0.00000 0.00000 0.00000 0.00000

Width of Segment #48
 0.00000 1734.11 1727.94 1719.04 1707.94 1697.26 1686.43 1670.95 1655.89 1646.03
 1638.77 1632.05 1622.60 1607.66 1589.44 1575.07 1561.50 1539.98 1502.95 1446.31
 1375.03 1297.75 1213.56 1118.53 1010.68 873.760 667.310 406.450 183.040 63.4000
 18.4300 0.00000 0.00000 0.00000 0.00000 0.00000 0.00000

Width of Segment #49
 0.00000 1067.22 1046.47 1023.44 1004.40 985.700 965.030 941.990 915.790 887.780
 858.570 824.230 786.550 727.870 666.620 636.470 620.640 606.150 591.090 572.520
 553.060 534.920 514.590 484.260 412.210 327.740 267.960 213.200 156.020 98.1500
 51.3700 19.5700 0.00000 0.00000 0.00000 0.00000 0.00000

Width of Segment #50
 0.00000 3053.02 2999.05 2943.50 2863.82 2775.83 2695.29 2594.56 2471.82 2349.60
 2220.65 2107.36 2007.72 1819.91 1608.51 1503.31 1452.68 1401.00 1346.06 1287.47
 1219.42 1140.57 1049.74 926.680 783.900 625.770 460.810 346.720 261.780 154.970
 64.7200 21.4300 0.00000 0.00000 0.00000 0.00000 0.00000

Width of Segment #51
 0.00000 3532.33 3487.91 3437.47 3384.08 3333.36 3272.13 3187.98 3081.27 2960.53
 2839.64 2717.86 2568.47 2235.66 1822.23 1616.64 1550.04 1484.73 1408.01 1329.11
 1248.11 1152.58 1024.16 866.730 744.880 659.550 511.380 367.990 302.050 230.470
 108.970 29.7900 7.06000 0.00000 0.00000 0.00000 0.00000

Width of Segment #52
 0.00000 3110.03 3027.87 2959.65 2894.20 2825.07 2755.52 2692.45 2629.93 2557.25
 2454.29 2336.55 2218.07 1993.02 1711.02 1542.41 1456.14 1380.28 1310.00 1242.35
 1167.70 1078.32 990.020 897.140 796.120 693.270 596.090 511.660 443.540 352.120
 219.340 110.650 49.5200 14.1100 0.00000 0.00000 0.00000

Width of Segment #53
 0.00000 1916.97 1872.89 1825.98 1771.72 1708.91 1639.15 1567.16 1497.14 1430.23
 1365.00 1309.62 1262.89 1209.37 1145.22 1092.71 1056.53 1019.21 979.440 918.410
 845.940 782.980 727.680 678.900 624.660 560.750 501.380 447.550 391.970 325.270
 200.320 78.8200 27.9900 10.6600 0.00000 0.00000 0.00000

Width of Segment #54
 0.00000 1274.91 1265.02 1254.41 1238.33 1215.17 1165.73 1081.79 984.230 910.130
 864.940 826.070 787.730 751.170 716.900 685.100 654.530 623.790 592.330 559.810
 530.510 495.780 462.500 439.170 414.600 389.330 363.160 328.040 287.960 245.750
 186.510 119.460 59.0400 19.2600 0.00000 0.00000 0.00000

Width of Segment #55
 0.00000 0.00000 0.00000 0.00000 0.00000 0.00000 0.00000 0.00000 0.00000 0.00000
 0.00000 0.00000 0.00000 0.00000 0.00000 0.00000 0.00000 0.00000 0.00000 0.00000
 0.00000 0.00000 0.00000 0.00000 0.00000 0.00000 0.00000 0.00000 0.00000 0.00000
 0.00000 0.00000 0.00000 0.00000 0.00000 0.00000 0.00000

Width of Segment #56
 0.00000 0.00000 0.00000 0.00000 0.00000 0.00000 0.00000 0.00000 0.00000 0.00000
 0.00000 0.00000 0.00000 0.00000 0.00000 0.00000 0.00000 0.00000 0.00000 0.00000
 0.00000 0.00000 0.00000 0.00000 0.00000 0.00000 0.00000 0.00000 0.00000 0.00000
 0.00000 0.00000 0.00000 0.00000 0.00000 0.00000 0.00000

Width of Segment #57
 0.00000 58.3100 18.5300 0.00000 0.00000 0.00000 0.00000 0.00000 0.00000 0.00000
 0.00000 0.00000 0.00000 0.00000 0.00000 0.00000 0.00000 0.00000 0.00000 0.00000
 0.00000 0.00000 0.00000 0.00000 0.00000 0.00000 0.00000 0.00000 0.00000 0.00000
 0.00000 0.00000 0.00000 0.00000 0.00000 0.00000 0.00000

Width of Segment #58
 0.00000 144.240 67.5200 30.4700 8.71000 0.00000 0.00000 0.00000 0.00000 0.00000
 0.00000 0.00000 0.00000 0.00000 0.00000 0.00000 0.00000 0.00000 0.00000 0.00000
 0.00000 0.00000 0.00000 0.00000 0.00000 0.00000 0.00000 0.00000 0.00000 0.00000
 0.00000 0.00000 0.00000 0.00000 0.00000 0.00000 0.00000

Width of Segment #59
 0.00000 359.360 269.230 200.680 130.070 62.0300 19.5000 0.00000 0.00000 0.00000
 0.00000 0.00000 0.00000 0.00000 0.00000 0.00000 0.00000 0.00000 0.00000 0.00000
 0.00000 0.00000 0.00000 0.00000 0.00000 0.00000 0.00000 0.00000 0.00000 0.00000
 0.00000 0.00000 0.00000 0.00000 0.00000 0.00000 0.00000

Width of Segment #60
 0.00000 466.490 379.550 273.620 176.580 88.4900 26.2300 0.00000 0.00000 0.00000
 0.00000 0.00000 0.00000 0.00000 0.00000 0.00000 0.00000 0.00000 0.00000 0.00000
 0.00000 0.00000 0.00000 0.00000 0.00000 0.00000 0.00000 0.00000 0.00000 0.00000
 0.00000 0.00000 0.00000 0.00000 0.00000 0.00000 0.00000

Width of Segment #61
 0.00000 402.900 373.420 344.700 283.090 168.370 51.2900 0.00000 0.00000 0.00000
 0.00000 0.00000 0.00000 0.00000 0.00000 0.00000 0.00000 0.00000 0.00000 0.00000
 0.00000 0.00000 0.00000 0.00000 0.00000 0.00000 0.00000 0.00000 0.00000 0.00000
 0.00000 0.00000 0.00000 0.00000 0.00000 0.00000 0.00000

Width of Segment #62
 0.00000 446.540 382.950 321.240 256.500 183.220 103.230 32.9700 0.00000 0.00000
 0.00000 0.00000 0.00000 0.00000 0.00000 0.00000 0.00000 0.00000 0.00000 0.00000
 0.00000 0.00000 0.00000 0.00000 0.00000 0.00000 0.00000 0.00000 0.00000 0.00000
 0.00000 0.00000 0.00000 0.00000 0.00000 0.00000 0.00000

Width of Segment #63
 0.00000 660.740 583.540 506.240 421.090 310.580 191.330 71.7700 11.3500 0.00000
 0.00000 0.00000 0.00000 0.00000 0.00000 0.00000 0.00000 0.00000 0.00000 0.00000
 0.00000 0.00000 0.00000 0.00000 0.00000 0.00000 0.00000 0.00000 0.00000 0.00000
 0.00000 0.00000 0.00000 0.00000 0.00000 0.00000 0.00000

Width of Segment #64
 0.00000 357.080 302.170 263.910 229.470 198.380 150.020 69.5400 10.0500 0.00000
 0.00000 0.00000 0.00000 0.00000 0.00000 0.00000 0.00000 0.00000 0.00000 0.00000
 0.00000 0.00000 0.00000 0.00000 0.00000 0.00000 0.00000 0.00000 0.00000 0.00000
 0.00000 0.00000 0.00000 0.00000 0.00000 0.00000 0.00000

Width of Segment #65
 0.00000 552.800 483.760 425.260 369.990 316.820 265.450 207.250 134.790 66.1200
 21.2000 0.00000 0.00000 0.00000 0.00000 0.00000 0.00000 0.00000 0.00000 0.00000
 0.00000 0.00000 0.00000 0.00000 0.00000 0.00000 0.00000 0.00000 0.00000 0.00000
 0.00000 0.00000 0.00000 0.00000 0.00000 0.00000 0.00000

Width of Segment #66
 0.00000 606.930 554.220 502.520 448.150 401.620 349.120 290.000 210.310 114.880
 51.3500 16.9300 0.00000 0.00000 0.00000 0.00000 0.00000 0.00000 0.00000 0.00000
 0.00000 0.00000 0.00000 0.00000 0.00000 0.00000 0.00000 0.00000 0.00000 0.00000
 0.00000 0.00000 0.00000 0.00000 0.00000 0.00000 0.00000

Width of Segment #67
 0.00000 659.710 582.220 505.480 431.370 369.800 311.930 243.010 154.230 69.4400
 21.8200 5.82000 0.00000 0.00000 0.00000 0.00000 0.00000 0.00000 0.00000 0.00000
 0.00000 0.00000 0.00000 0.00000 0.00000 0.00000 0.00000 0.00000 0.00000 0.00000
 0.00000 0.00000 0.00000 0.00000 0.00000 0.00000 0.00000

Width of Segment #68
 0.00000 686.360 615.720 537.450 470.920 406.910 360.210 314.080 255.980 195.150
 135.740 66.5200 17.7800 0.00000 0.00000 0.00000 0.00000 0.00000 0.00000 0.00000
 0.00000 0.00000 0.00000 0.00000 0.00000 0.00000 0.00000 0.00000 0.00000 0.00000
 0.00000 0.00000 0.00000 0.00000 0.00000 0.00000 0.00000

Width of Segment #69
 0.00000 671.630 591.230 513.700 450.820 401.010 364.780 324.880 282.520 229.010
 164.830 108.330 40.3200 0.00000 0.00000 0.00000 0.00000 0.00000 0.00000 0.00000
 0.00000 0.00000 0.00000 0.00000 0.00000 0.00000 0.00000 0.00000 0.00000 0.00000
 0.00000 0.00000 0.00000 0.00000 0.00000 0.00000 0.00000

Width of Segment #70
 0.00000 506.290 465.750 430.090 397.200 369.410 346.350 319.720 285.850 248.170
 209.120 158.000 97.1400 46.5500 9.29000 0.00000 0.00000 0.00000 0.00000 0.00000
 0.00000 0.00000 0.00000 0.00000 0.00000 0.00000 0.00000 0.00000 0.00000 0.00000
 0.00000 0.00000 0.00000 0.00000 0.00000 0.00000 0.00000

Width of Segment #71
 0.00000 1852.95 1617.94 1416.39 1229.83 1061.31 924.230 797.600 686.970 587.570
 476.980 378.940 293.970 186.070 42.0000 0.00000 0.00000 0.00000 0.00000 0.00000
 0.00000 0.00000 0.00000 0.00000 0.00000 0.00000 0.00000 0.00000 0.00000 0.00000
 0.00000 0.00000 0.00000 0.00000 0.00000 0.00000 0.00000

Width of Segment #72
 0.00000 1347.66 1260.69 1182.89 1088.83 963.960 857.420 784.790 719.860 655.790
 584.660 503.910 422.810 300.900 158.950 76.6900 41.6800 22.1100 10.7700 0.00000
 0.00000 0.00000 0.00000 0.00000 0.00000 0.00000 0.00000 0.00000 0.00000 0.00000
 0.00000 0.00000 0.00000 0.00000 0.00000 0.00000 0.00000

Width of Segment #73
 0.00000 2595.92 2369.45 2152.29 1947.16 1717.35 1509.40 1331.34 1154.65 1008.62
 870.000 704.210 532.550 397.670 301.100 226.650 168.380 118.230 76.0100 33.7500
 0.00000 0.00000 0.00000 0.00000 0.00000 0.00000 0.00000 0.00000 0.00000 0.00000
 0.00000 0.00000 0.00000 0.00000 0.00000 0.00000 0.00000

Width of Segment #74
 0.00000 1271.21 1167.88 1058.81 940.000 825.270 738.510 682.190 640.900 592.550
 533.030 482.020 443.230 401.250 345.810 295.830 255.430 208.820 112.570 22.6500
 0.00000 0.00000 0.00000 0.00000 0.00000 0.00000 0.00000 0.00000 0.00000 0.00000
 0.00000 0.00000 0.00000 0.00000 0.00000 0.00000 0.00000

Width of Segment #75
 0.00000 1324.30 1230.89 1139.02 1055.36 975.470 893.770 810.640 722.750 628.160
 536.910 466.140 401.520 339.130 283.780 240.860 209.630 177.030 141.270 51.6900
 0.00000 0.00000 0.00000 0.00000 0.00000 0.00000 0.00000 0.00000 0.00000 0.00000
 0.00000 0.00000 0.00000 0.00000 0.00000 0.00000 0.00000

Width of Segment #76
 0.00000 946.080 928.380 909.610 887.740 864.810 846.350 821.020 786.410 749.640
 697.160 651.770 617.080 502.690 378.090 318.170 268.090 218.560 165.320 112.970
 66.7300 17.0800 0.00000 0.00000 0.00000 0.00000 0.00000 0.00000 0.00000 0.00000
 0.00000 0.00000 0.00000 0.00000 0.00000 0.00000 0.00000

Width of Segment #77
 0.00000 1040.04 997.430 951.710 903.760 864.650 824.820 775.930 725.290 676.940
 630.310 575.100 507.980 443.460 398.060 375.560 360.510 343.940 318.080 256.100
 112.680 18.5900 0.00000 0.00000 0.00000 0.00000 0.00000 0.00000 0.00000 0.00000
 0.00000 0.00000 0.00000 0.00000 0.00000 0.00000 0.00000

Width of Segment #78
 0.00000 1194.94 1166.24 1141.14 1118.05 1092.74 1065.03 1035.90 1000.74 938.840
 817.840 701.640 633.510 578.110 498.270 429.810 397.080 365.960 335.220 297.320
 237.810 122.640 28.8200 0.00000 0.00000 0.00000 0.00000 0.00000 0.00000 0.00000
 0.00000 0.00000 0.00000 0.00000 0.00000 0.00000 0.00000

Width of Segment #79
 0.00000 2363.81 2217.71 2076.35 1939.54 1781.89 1616.17 1453.93 1287.30 1111.41
 940.790 800.830 666.850 519.590 415.550 368.460 332.260 290.570 248.550 209.290
 168.270 128.160 62.9400 9.57000 0.00000 0.00000 0.00000 0.00000 0.00000 0.00000
 0.00000 0.00000 0.00000 0.00000 0.00000 0.00000 0.00000

Width of Segment #80
 0.00000 2169.87 2110.91 2045.92 1965.52 1877.50 1794.53 1706.31 1607.81 1473.27
 1321.98 1183.87 1037.32 869.220 722.300 638.460 584.570 531.310 469.850 385.820
 303.710 245.110 181.660 75.6400 7.81000 0.00000 0.00000 0.00000 0.00000 0.00000
 0.00000 0.00000 0.00000 0.00000 0.00000 0.00000 0.00000

Width of Segment #81
 0.00000 1759.91 1660.72 1575.20 1490.52 1404.24 1313.78 1233.94 1152.42 1015.25
 855.810 728.200 630.810 563.710 506.880 461.970 440.160 420.700 403.130 378.190
 339.990 298.260 251.430 173.430 66.1700 7.16000 0.00000 0.00000 0.00000 0.00000
 0.00000 0.00000 0.00000 0.00000 0.00000 0.00000 0.00000

Width of Segment #82
 0.00000 1346.85 1334.76 1321.35 1306.78 1293.37 1282.12 1271.02 1255.62 1218.77
 1167.80 1124.28 1073.19 928.050 730.590 624.710 581.150 536.100 490.890 440.770
 375.020 304.890 243.290 185.890 132.470 67.7800 15.5500 0.00000 0.00000 0.00000
 0.00000 0.00000 0.00000 0.00000 0.00000 0.00000 0.00000

Width of Segment #83
 0.00000 1485.33 1446.79 1413.15 1381.18 1343.61 1309.49 1279.73 1251.20 1221.43
 1180.89 1144.61 1109.68 1014.02 874.510 785.500 740.620 701.150 662.080 612.970
 567.710 530.860 496.010 460.100 422.560 313.480 128.330 20.7100 0.00000 0.00000
 0.00000 0.00000 0.00000 0.00000 0.00000 0.00000 0.00000

Width of Segment #84
 0.00000 1241.02 1219.10 1187.29 1148.88 1106.79 1072.80 1047.47 1019.75 988.080
 953.510 899.760 828.780 774.320 729.810 696.020 676.090 653.000 626.990 596.490
 560.710 515.080 458.240 391.800 317.020 227.030 113.820 30.9800 0.00000 0.00000
 0.00000 0.00000 0.00000 0.00000 0.00000 0.00000 0.00000

Width of Segment #85
 0.00000 0.00000 0.00000 0.00000 0.00000 0.00000 0.00000 0.00000 0.00000 0.00000
 0.00000 0.00000 0.00000 0.00000 0.00000 0.00000 0.00000 0.00000 0.00000 0.00000
 0.00000 0.00000 0.00000 0.00000 0.00000 0.00000 0.00000 0.00000 0.00000 0.00000
 0.00000 0.00000 0.00000 0.00000 0.00000 0.00000 0.00000
