2016a   2021EdsoQueiroz Braco          2,       EngRev,     0.13
JDAY    Cin (mg/L)
----    PO4     CLO     DO
       1    0.00       1       5
       2    7.51       1       5
       3    0.00       1       5
       4    0.00       1       5
       5    0.00       1       5
       6    7.51       1       5
       7    0.00       1       5
       8    0.00       1       5
       9    7.51       1       5
      10    7.51       1       5
      11    7.51       1       5
      12    0.00       1       5
      13    7.51       1       5
      14    7.51       1       5
      15    0.00       1       5
      16    7.51       1       5
      17    7.51       1       5
      18    7.51       1       5
      19    0.00       1       5
      20    1.30       1       5
      21    1.52       1       5
      22    7.51       1       5
      23    0.55       1       5
      24    0.39       1       5
      25    0.58       1       5
      26    1.05       1       5
      27    1.73       1       5
      28    1.72       1       5
      29    2.25       1       5
      30    7.07       1       5
      31    3.35       1       5
      32    7.89       1       5
      33    3.50       1       5
      34    7.89       1       5
      35    7.89       1       5
      36    7.89       1       5
      37    7.89       1       5
      38    0.00       1       5
      39    7.89       1       5
      40    7.89       1       5
      41    0.00       1       5
      42    0.00       1       5
      43    7.89       1       5
      44    7.89       1       5
      45    0.00       1       5
      46    0.00       1       5
      47    7.89       1       5
      48    0.00       1       5
      49    0.00       1       5
      50    0.00       1       5
      51    0.00       1       5
      52    0.00       1       5
      53    0.00       1       5
      54    7.89       1       5
      55    7.89       1       5
      56    0.00       1       5
      57    7.89       1       5
      58    0.00       1       5
      59    0.00       1       5
      60    0.00       1       5
      61    8.93       1       5
      62    0.00       1       5
      63    0.00       1       5
      64    0.00       1       5
      65    0.00       1       5
      66    8.93       1       5
      67    0.00       1       5
      68    0.00       1       5
      69    0.00       1       5
      70    9.11       1       5
      71    9.11       1       5
      72    0.00       1       5
      73    9.11       1       5
      74    9.11       1       5
      75    0.00       1       5
      76    0.00       1       5
      77    0.00       1       5
      78    9.11       1       5
      79    0.00       1       5
      80    0.00       1       5
      81    0.00       1       5
      82    9.11       1       5
      83    0.00       1       5
      84    0.00       1       5
      85    0.00       1       5
      86    0.00       1       5
      87    0.00       1       5
      88    9.11       1       5
      89    2.45       1       5
      90    9.11       1       5
      91    3.78       1       5
      92    3.72       1       5
      93    3.72       1       5
      94    8.77       1       5
      95    8.77       1       5
      96    8.77       1       5
      97    0.87       1       5
      98    0.49       1       5
      99    0.72       1       5
     100    1.42       1       5
     101    3.57       1       5
     102    2.32       1       5
     103    8.61       1       5
     104    3.57       1       5
     105    8.61       1       5
     106    8.61       1       5
     107    8.61       1       5
     108    0.00       1       5
     109    8.61       1       5
     110    8.61       1       5
     111    0.00       1       5
     112    8.61       1       5
     113    8.61       1       5
     114    0.00       1       5
     115    8.61       1       5
     116    0.00       1       5
     117    0.00       1       5
     118    0.00       1       5
     119    0.00       1       5
     120    0.00       1       5
     121    0.00       1       5
     122    8.61       1       5
     123    8.61       1       5
     124    3.60       1       5
     125    8.61       1       5
     126    0.00       1       5
     127    0.00       1       5
     128    8.61       1       5
     129    0.00       1       5
     130    3.62       1       5
     131    0.00       1       5
     132    8.77       1       5
     133    0.00       1       5
     134    8.77       1       5
     135    0.00       1       5
     136    8.77       1       5
     137    0.00       1       5
     138    0.00       1       5
     139    8.77       1       5
     140    0.00       1       5
     141    0.00       1       5
     142    8.77       1       5
     143    0.00       1       5
     144    0.00       1       5
     145    0.00       1       5
     146    8.77       1       5
     147    0.00       1       5
     148    0.00       1       5
     149    8.77       1       5
     150    0.00       1       5
     151    8.77       1       5
     152    3.65       1       5
     153    8.16       1       5
     154    0.00       1       5
     155    8.16       1       5
     156    0.00       1       5
     157    8.16       1       5
     158    0.00       1       5
     159    0.00       1       5
     160    0.00       1       5
     161    0.00       1       5
     162    8.16       1       5
     163    0.00       1       5
     164    8.16       1       5
     165    0.00       1       5
     166    0.00       1       5
     167    0.00       1       5
     168    8.30       1       5
     169    0.00       1       5
     170    0.00       1       5
     171    0.00       1       5
     172    0.00       1       5
     173    8.30       1       5
     174    0.00       1       5
     175    0.00       1       5
     176    0.00       1       5
     177    7.29       1       5
     178    0.00       1       5
     179    0.00       1       5
     180    0.00       1       5
     181    0.00       1       5
     182    0.00       1       5
     183    0.00       1       5
     184    0.00       1       5
     185    0.00       1       5
     186    0.00       1       5
     187    0.00       1       5
     188    0.00       1       5
     189    0.00       1       5
     190    3.28       1       5
     191    6.50       1       5
     192    0.00       1       5
     193    0.00       1       5
     194    0.00       1       5
     195    6.50       1       5
     196    0.00       1       5
     197    0.00       1       5
     198    0.00       1       5
     199    0.00       1       5
     200    6.50       1       5
     201    0.00       1       5
     202    6.50       1       5
     203    0.00       1       5
     204    0.00       1       5
     205    0.00       1       5
     206    0.00       1       5
     207    0.00       1       5
     208    0.00       1       5
     209    0.00       1       5
     210    0.00       1       5
     211    6.59       1       5
     212    0.00       1       5
     213    0.00       1       5
     214    0.00       1       5
     215    0.00       1       5
     216    0.00       1       5
     217    0.00       1       5
     218    0.00       1       5
     219    0.00       1       5
     220    6.02       1       5
     221    0.00       1       5
     222    0.00       1       5
     223    0.00       1       5
     224    0.00       1       5
     225    0.00       1       5
     226    0.00       1       5
     227    0.00       1       5
     228    0.00       1       5
     229    0.00       1       5
     230    0.00       1       5
     231    0.00       1       5
     232    6.09       1       5
     233    0.00       1       5
     234    0.00       1       5
     235    6.09       1       5
     236    0.00       1       5
     237    0.00       1       5
     238    0.00       1       5
     239    0.00       1       5
     240    0.00       1       5
     241    0.00       1       5
     242    0.00       1       5
     243    0.00       1       5
     244    0.00       1       5
     245    7.40       1       5
     246    7.40       1       5
     247    7.40       1       5
     248    7.40       1       5
     249    7.40       1       5
     250    7.40       1       5
     251    7.40       1       5
     252    7.40       1       5
     253    7.40       1       5
     254    7.40       1       5
     255    7.40       1       5
     256    7.40       1       5
     257    7.40       1       5
     258    7.40       1       5
     259    7.40       1       5
     260    7.40       1       5
     261    7.40       1       5
     262    7.40       1       5
     263    7.40       1       5
     264    0.00       1       5
     265    0.00       1       5
     266    0.00       1       5
     267    0.00       1       5
     268    0.00       1       5
     269    0.00       1       5
     270    0.00       1       5
     271    0.00       1       5
     272    0.00       1       5
     273    0.00       1       5
     274    0.00       1       5
     275    0.00       1       5
     276    0.00       1       5
     277    0.00       1       5
     278    0.00       1       5
     279    0.00       1       5
     280    0.00       1       5
     281    0.00       1       5
     282    0.00       1       5
     283    0.00       1       5
     284    0.00       1       5
     285    0.00       1       5
     286    0.00       1       5
     287    0.00       1       5
     288    0.00       1       5
     289    0.00       1       5
     290    0.00       1       5
     291    0.00       1       5
     292    0.00       1       5
     293    0.00       1       5
     294    0.00       1       5
     295    0.00       1       5
     296    0.00       1       5
     297    0.00       1       5
     298    0.00       1       5
     299    0.00       1       5
     300    0.00       1       5
     301    0.00       1       5
     302    0.00       1       5
     303    0.00       1       5
     304    0.00       1       5
     305    0.00       1       5
     306    0.00       1       5
     307    0.00       1       5
     308    0.00       1       5
     309    0.00       1       5
     310    0.00       1       5
     311    0.00       1       5
     312    0.00       1       5
     313    0.00       1       5
     314    0.00       1       5
     315    0.00       1       5
     316    0.00       1       5
     317    0.00       1       5
     318    0.00       1       5
     319    0.00       1       5
     320    0.00       1       5
     321    0.00       1       5
     322    0.00       1       5
     323    0.00       1       5
     324    0.00       1       5
     325    0.00       1       5
     326    0.00       1       5
     327    0.00       1       5
     328    0.00       1       5
     329    0.00       1       5
     330    0.00       1       5
     331    0.00       1       5
     332    0.00       1       5
     333    0.00       1       5
     334    0.00       1       5
     335    0.00       1       5
     336    0.00       1       5
     337    0.00       1       5
     338    0.00       1       5
     339    0.00       1       5
     340    0.00       1       5
     341    0.00       1       5
     342    0.00       1       5
     343    0.00       1       5
     344    0.00       1       5
     345    0.00       1       5
     346    0.00       1       5
     347    0.00       1       5
     348    0.00       1       5
     349    0.00       1       5
     350    0.00       1       5
     351    0.00       1       5
     352    0.00       1       5
     353    0.00       1       5
     354    0.00       1       5
     355    0.00       1       5
     356    6.50       1       5
     357    0.00       1       5
     358    0.00       1       5
     359    6.50       1       5
     360    0.00       1       5
     361    6.50       1       5
     362    0.00       1       5
     363    6.50       1       5
     364    0.00       1       5
     365    6.59       1       5
     366    0.00       1       5
     367    0.00       1       5
     368    0.00       1       5
     369    0.00       1       5
     370    0.00       1       5
     371    0.00       1       5
     372    0.00       1       5
     373    0.00       1       5
     374    0.00       1       5
     375    0.00       1       5
     376    0.00       1       5
     377    0.00       1       5
     378    0.00       1       5
     379    0.00       1       5
     380    0.00       1       5
     381    0.00       1       5
     382    7.40       1       5
     383    0.00       1       5
     384    7.40       1       5
     385    0.00       1       5
     386    7.40       1       5
     387    0.00       1       5
     388    2.16       1       5
     389    7.40       1       5
     390    0.00       1       5
     391    7.40       1       5
     392    0.00       1       5
     393    7.40       1       5
     394    0.00       1       5
     395    0.00       1       5
     396    0.00       1       5
     397    0.00       1       5
     398    0.00       1       5
     399    0.00       1       5
     400    0.00       1       5
     401    8.02       1       5
     402    0.00       1       5
     403    0.00       1       5
     404    0.00       1       5
     405    8.02       1       5
     406    8.02       1       5
     407    0.34       1       5
     408    0.48       1       5
     409    2.67       1       5
     410    7.76       1       5
     411    3.89       1       5
     412    0.00       1       5
     413    7.76       1       5
     414    1.25       1       5
     415    7.76       1       5
     416    7.76       1       5
     417    1.66       1       5
     418    7.63       1       5
     419    0.00       1       5
     420    7.63       1       5
     421    1.66       1       5
     422    7.63       1       5
     423    7.63       1       5
     424    7.63       1       5
     425    3.86       1       5
     426    8.45       1       5
     427    0.31       1       5
     428    0.28       1       5
     429    0.60       1       5
     430    0.77       1       5
     431    0.92       1       5
     432    1.18       1       5
     433    2.25       1       5
     434    2.24       1       5
     435    0.34       1       5
     436    0.32       1       5
     437    0.37       1       5
     438    0.40       1       5
     439    0.27       1       5
     440    0.31       1       5
     441    0.29       1       5
     442    0.30       1       5
     443    0.38       1       5
     444    0.45       1       5
     445    0.85       1       5
     446    0.66       1       5
     447    0.40       1       5
     448    0.28       1       5
     449    0.28       1       5
     450    0.41       1       5
     451    0.61       1       5
     452    0.60       1       5
     453    0.60       1       5
     454    0.66       1       5
     455    0.60       1       5
     456    0.44       1       5
     457    0.50       1       5
     458    0.49       1       5
     459    0.64       1       5
     460    1.04       1       5
     461    1.38       1       5
     462    5.43       1       5
     463    2.12       1       5
     464    2.12       1       5
     465    2.12       1       5
     466    1.04       1       5
     467    5.37       1       5
     468    2.11       1       5
     469    1.37       1       5
     470    0.84       1       5
     471    1.36       1       5
     472    2.10       1       5
     473    5.37       1       5
     474    5.37       1       5
     475    2.10       1       5
     476    2.10       1       5
     477    5.37       1       5
     478    2.10       1       5
     479    2.09       1       5
     480    2.09       1       5
     481    5.37       1       5
     482    5.37       1       5
     483    5.37       1       5
     484    5.37       1       5
     485    0.00       1       5
     486    5.37       1       5
     487    5.43       1       5
     488    5.43       1       5
     489    5.43       1       5
     490    5.43       1       5
     491    5.43       1       5
     492    5.43       1       5
     493    0.00       1       5
     494    5.43       1       5
     495    5.43       1       5
     496    0.00       1       5
     497    5.43       1       5
     498    0.00       1       5
     499    5.43       1       5
     500    5.43       1       5
     501    0.00       1       5
     502    5.43       1       5
     503    0.00       1       5
     504    5.43       1       5
     505    0.00       1       5
     506    5.43       1       5
     507    0.00       1       5
     508    0.00       1       5
     509    0.00       1       5
     510    0.00       1       5
     511    0.00       1       5
     512    5.43       1       5
     513    0.00       1       5
     514    2.12       1       5
     515    5.43       1       5
     516    5.43       1       5
     517    5.43       1       5
     518    0.00       1       5
     519    0.00       1       5
     520    4.99       1       5
     521    0.00       1       5
     522    0.00       1       5
     523    4.99       1       5
     524    0.00       1       5
     525    0.00       1       5
     526    5.04       1       5
     527    0.00       1       5
     528    5.04       1       5
     529    5.04       1       5
     530    0.00       1       5
     531    5.04       1       5
     532    0.00       1       5
     533    5.04       1       5
     534    0.00       1       5
     535    5.04       1       5
     536    0.00       1       5
     537    5.04       1       5
     538    0.00       1       5
     539    5.04       1       5
     540    0.00       1       5
     541    0.00       1       5
     542    0.00       1       5
     543    0.00       1       5
     544    0.00       1       5
     545    0.00       1       5
     546    5.04       1       5
     547    0.00       1       5
     548    0.00       1       5
     549    0.00       1       5
     550    0.00       1       5
     551    4.24       1       5
     552    4.24       1       5
     553    0.00       1       5
     554    0.00       1       5
     555    4.28       1       5
     556    0.00       1       5
     557    4.28       1       5
     558    4.28       1       5
     559    0.00       1       5
     560    4.28       1       5
     561    4.28       1       5
     562    0.00       1       5
     563    0.00       1       5
     564    4.21       1       5
     565    4.21       1       5
     566    4.21       1       5
     567    4.17       1       5
     568    1.96       1       5
     569    4.17       1       5
     570    4.17       1       5
     571    4.17       1       5
     572    4.17       1       5
     573    1.96       1       5
     574    4.17       1       5
     575    0.00       1       5
     576    4.17       1       5
     577    4.17       1       5
     578    4.17       1       5
     579    3.70       1       5
     580    3.70       1       5
     581    0.00       1       5
     582    0.00       1       5
     583    0.00       1       5
     584    0.00       1       5
     585    0.00       1       5
     586    0.00       1       5
     587    0.00       1       5
     588    0.00       1       5
     589    0.00       1       5
     590    0.00       1       5
     591    0.00       1       5
     592    0.00       1       5
     593    0.00       1       5
     594    0.00       1       5
     595    0.00       1       5
     596    0.00       1       5
     597    0.00       1       5
     598    0.00       1       5
     599    0.00       1       5
     600    0.00       1       5
     601    3.57       1       5
     602    0.00       1       5
     603    4.04       1       5
     604    4.04       1       5
     605    0.00       1       5
     606    4.04       1       5
     607    4.04       1       5
     608    0.00       1       5
     609    4.01       1       5
     610    0.00       1       5
     611    0.00       1       5
     612    3.65       1       5
     613    0.00       1       5
     614    3.65       1       5
     615    0.00       1       5
     616    0.00       1       5
     617    0.00       1       5
     618    3.65       1       5
     619    0.00       1       5
     620    3.65       1       5
     621    0.00       1       5
     622    0.00       1       5
     623    0.00       1       5
     624    7.40       1       5
     625    0.00       1       5
     626    7.40       1       5
     627    0.00       1       5
     628    0.00       1       5
     629   30.48       1       5
     630   28.36       1       5
     631   28.36       1       5
     632    0.00       1       5
     633    3.20       1       5
     634   26.53       1       5
     635    0.00       1       5
     636    0.00       1       5
     637    0.00       1       5
     638    0.00       1       5
     639    0.00       1       5
     640    0.00       1       5
     641    0.00       1       5
     642    0.00       1       5
     643    0.00       1       5
     644    0.00       1       5
     645    0.00       1       5
     646    0.00       1       5
     647    0.00       1       5
     648    0.00       1       5
     649    0.00       1       5
     650    3.48       1       5
     651    0.00       1       5
     652    0.00       1       5
     653    0.00       1       5
     654    0.00       1       5
     655    0.00       1       5
     656    7.40       1       5
     657    7.40       1       5
     658    7.40       1       5
     659    8.93       1       5
     660    8.93       1       5
     661    8.93       1       5
     662    8.93       1       5
     663    0.00       1       5
     664    8.93       1       5
     665    8.93       1       5
     666    0.00       1       5
     667    8.77       1       5
     668    8.77       1       5
     669    7.76       1       5
     670    7.76       1       5
     671    7.89       1       5
     672    7.89       1       5
     673    0.00       1       5
     674    7.89       1       5
     675    0.00       1       5
     676    7.89       1       5
     677    7.89       1       5
     678    0.00       1       5
     679    0.00       1       5
     680    7.89       1       5
     681    7.89       1       5
     682    7.89       1       5
     683    7.89       1       5
     684    7.89       1       5
     685    7.89       1       5
     686    7.89       1       5
     687    7.89       1       5
     688    7.89       1       5
     689    0.00       1       5
     690    7.89       1       5
     691    7.76       1       5
     692    7.76       1       5
     693    7.76       1       5
     694    0.00       1       5
     695    7.76       1       5
     696    7.76       1       5
     697    7.76       1       5
     698    7.76       1       5
     699    0.00       1       5
     700    7.76       1       5
     701    8.45       1       5
     702    0.00       1       5
     703    0.00       1       5
     704    8.45       1       5
     705    8.45       1       5
     706    8.45       1       5
     707    8.45       1       5
     708    8.45       1       5
     709    8.45       1       5
     710    8.45       1       5
     711    8.45       1       5
     712    8.45       1       5
     713    8.45       1       5
     714    0.00       1       5
     715    8.45       1       5
     716    0.00       1       5
     717    8.45       1       5
     718    8.45       1       5
     719    8.45       1       5
     720    8.45       1       5
     721    8.30       1       5
     722    8.30       1       5
     723    8.30       1       5
     724    8.30       1       5
     725    8.30       1       5
     726    8.30       1       5
     727    8.30       1       5
     728    8.30       1       5
     729    8.30       1       5
     730    8.30       1       5
     731    8.30       1       5
     732   11.95       1       5
     733   11.95       1       5
     734   11.95       1       5
     735   11.95       1       5
     736    0.00       1       5
     737   11.64       1       5
     738   11.64       1       5
     739   11.64       1       5
     740    0.00       1       5
     741   11.64       1       5
     742   11.64       1       5
     743   11.64       1       5
     744   11.64       1       5
     745   11.64       1       5
     746   11.64       1       5
     747    0.00       1       5
     748   11.64       1       5
     749   11.35       1       5
     750   11.35       1       5
     751    0.00       1       5
     752   11.35       1       5
     753    3.20       1       5
     754   11.35       1       5
     755   11.35       1       5
     756   11.35       1       5
     757   11.35       1       5
     758    1.15       1       5
     759    3.20       1       5
     760   11.35       1       5
     761   11.35       1       5
     762   11.35       1       5
     763    0.00       1       5
     764    0.00       1       5
     765    0.00       1       5
     766    0.00       1       5
     767    0.00       1       5
     768    0.00       1       5
     769    2.43       1       5
     770    4.94       1       5
     771    0.00       1       5
     772    0.00       1       5
     773    4.94       1       5
     774    2.43       1       5
     775    2.43       1       5
     776    0.90       1       5
     777    4.89       1       5
     778    4.89       1       5
     779    0.00       1       5
     780    0.35       1       5
     781    2.38       1       5
     782    4.85       1       5
     783    4.85       1       5
     784    0.31       1       5
     785    1.21       1       5
     786    1.57       1       5
     787    4.76       1       5
     788    2.31       1       5
     789    0.00       1       5
     790    0.00       1       5
     791    5.61       1       5
     792    5.61       1       5
     793    5.61       1       5
     794    5.61       1       5
     795    0.00       1       5
     796    5.61       1       5
     797    0.00       1       5
     798    5.61       1       5
     799    0.00       1       5
     800    5.61       1       5
     801    0.00       1       5
     802    1.65       1       5
     803    0.00       1       5
     804    5.61       1       5
     805    5.61       1       5
     806    5.61       1       5
     807    0.00       1       5
     808    1.25       1       5
     809    5.61       1       5
     810    0.00       1       5
     811    5.61       1       5
     812    0.00       1       5
     813    5.61       1       5
     814    0.00       1       5
     815    0.00       1       5
     816    1.65       1       5
     817    5.61       1       5
     818    5.61       1       5
     819    5.61       1       5
     820    2.48       1       5
     821    5.61       1       5
     822    1.63       1       5
     823    5.43       1       5
     824    0.00       1       5
     825    0.54       1       5
     826    1.01       1       5
     827    0.75       1       5
     828    1.22       1       5
     829    0.85       1       5
     830    0.47       1       5
     831    0.28       1       5
     832    0.32       1       5
     833    0.32       1       5
     834    0.57       1       5
     835    0.71       1       5
     836    0.70       1       5
     837    0.29       1       5
     838    0.28       1       5
     839    0.49       1       5
     840    0.78       1       5
     841    1.26       1       5
     842    1.26       1       5
     843    1.93       1       5
     844    1.92       1       5
     845    1.25       1       5
     846    4.80       1       5
     847    1.92       1       5
     848    4.80       1       5
     849    0.00       1       5
     850    4.80       1       5
     851    4.80       1       5
     852    4.85       1       5
     853    1.93       1       5
     854    4.85       1       5
     855    4.85       1       5
     856    4.85       1       5
     857    0.00       1       5
     858    4.85       1       5
     859    4.85       1       5
     860    1.25       1       5
     861    4.85       1       5
     862    4.85       1       5
     863    0.00       1       5
     864    4.85       1       5
     865    4.85       1       5
     866    0.00       1       5
     867    4.85       1       5
     868    0.00       1       5
     869    0.00       1       5
     870    4.85       1       5
     871    0.00       1       5
     872    4.89       1       5
     873    0.00       1       5
     874    4.89       1       5
     875    0.00       1       5
     876    4.89       1       5
     877    0.00       1       5
     878    0.00       1       5
     879    4.89       1       5
     880    0.00       1       5
     881    0.00       1       5
     882    0.00       1       5
     883    4.50       1       5
     884    0.00       1       5
     885    4.50       1       5
     886    0.00       1       5
     887    0.00       1       5
     888    4.50       1       5
     889    0.00       1       5
     890    0.00       1       5
     891    4.50       1       5
     892    0.00       1       5
     893    4.50       1       5
     894    0.00       1       5
     895    0.00       1       5
     896    4.54       1       5
     897    0.00       1       5
     898    0.00       1       5
     899    4.54       1       5
     900    0.00       1       5
     901    0.00       1       5
     902    0.00       1       5
     903   14.70       1       5
     904   14.70       1       5
     905   14.70       1       5
     906   14.23       1       5
     907   14.23       1       5
     908   14.23       1       5
     909   14.23       1       5
     910    0.00       1       5
     911   14.23       1       5
     912   14.23       1       5
     913    0.00       1       5
     914    2.31       1       5
     915    0.00       1       5
     916    0.00       1       5
     917    0.00       1       5
     918    0.00       1       5
     919    0.00       1       5
     920    0.00       1       5
     921    0.00       1       5
     922    0.00       1       5
     923    0.00       1       5
     924    0.00       1       5
     925    0.00       1       5
     926    0.00       1       5
     927    0.00       1       5
     928    0.00       1       5
     929    0.00       1       5
     930    0.00       1       5
     931    0.00       1       5
     932    0.00       1       5
     933    0.00       1       5
     934    0.00       1       5
     935    0.00       1       5
     936    0.00       1       5
     937    0.00       1       5
     938    0.00       1       5
     939    0.00       1       5
     940    0.00       1       5
     941    0.00       1       5
     942    0.00       1       5
     943    0.00       1       5
     944    0.00       1       5
     945    0.00       1       5
     946    0.00       1       5
     947    0.00       1       5
     948    0.00       1       5
     949    0.00       1       5
     950    0.00       1       5
     951    0.00       1       5
     952    0.00       1       5
     953    0.00       1       5
     954    0.00       1       5
     955    0.00       1       5
     956    0.00       1       5
     957    0.00       1       5
     958    3.28       1       5
     959   10.33       1       5
     960   10.33       1       5
     961   10.33       1       5
     962   10.33       1       5
     963    0.00       1       5
     964   10.33       1       5
     965   10.33       1       5
     966    0.00       1       5
     967   10.33       1       5
     968   10.33       1       5
     969    0.00       1       5
     970    0.00       1       5
     971    0.00       1       5
     972    3.32       1       5
     973    0.00       1       5
     974    0.00       1       5
     975    5.49       1       5
     976    5.49       1       5
     977    5.49       1       5
     978    5.49       1       5
     979    5.49       1       5
     980    0.00       1       5
     981    5.49       1       5
     982    5.49       1       5
     983    5.49       1       5
     984    5.49       1       5
     985    0.00       1       5
     986    5.49       1       5
     987    0.00       1       5
     988    4.46       1       5
     989    4.46       1       5
     990    4.46       1       5
     991    0.00       1       5
     992    4.46       1       5
     993    0.00       1       5
     994    4.46       1       5
     995    0.00       1       5
     996    4.43       1       5
     997    4.43       1       5
     998    4.43       1       5
     999    0.00       1       5
    1000    4.43       1       5
    1001    4.43       1       5
    1002    0.00       1       5
    1003    5.67       1       5
    1004    5.67       1       5
    1005    0.00       1       5
    1006    5.55       1       5
    1007    0.00       1       5
    1008    5.55       1       5
    1009    0.00       1       5
    1010    5.55       1       5
    1011    0.00       1       5
    1012    5.55       1       5
    1013    5.55       1       5
    1014    0.00       1       5
    1015    5.55       1       5
    1016    0.00       1       5
    1017    4.94       1       5
    1018    0.00       1       5
    1019    2.13       1       5
    1020    4.94       1       5
    1021    4.94       1       5
    1022    0.00       1       5
    1023    4.94       1       5
    1024    0.00       1       5
    1025    4.94       1       5
    1026    4.94       1       5
    1027    4.94       1       5
    1028    4.94       1       5
    1029    0.00       1       5
    1030    4.94       1       5
    1031    4.94       1       5
    1032    0.00       1       5
    1033    4.94       1       5
    1034    4.94       1       5
    1035    0.00       1       5
    1036    5.04       1       5
    1037    0.00       1       5
    1038    0.00       1       5
    1039    4.99       1       5
    1040    0.00       1       5
    1041    4.99       1       5
    1042    4.99       1       5
    1043    4.99       1       5
    1044    4.99       1       5
    1045    4.99       1       5
    1046    4.99       1       5
    1047    4.99       1       5
    1048    0.00       1       5
    1049    0.00       1       5
    1050    0.00       1       5
    1051    5.25       1       5
    1052    5.25       1       5
    1053    5.25       1       5
    1054    0.00       1       5
    1055    2.24       1       5
    1056    5.25       1       5
    1057    5.25       1       5
    1058    5.25       1       5
    1059    0.00       1       5
    1060    5.25       1       5
    1061    5.25       1       5
    1062    5.25       1       5
    1063    7.40       1       5
    1064    2.52       1       5
    1065    2.52       1       5
    1066    8.16       1       5
    1067    8.16       1       5
    1068    0.00       1       5
    1069    8.16       1       5
    1070    2.17       1       5
    1071    2.17       1       5
    1072    2.17       1       5
    1073    4.76       1       5
    1074    2.17       1       5
    1075    4.76       1       5
    1076    2.17       1       5
    1077    4.76       1       5
    1078    4.76       1       5
    1079    4.76       1       5
    1080    4.76       1       5
    1081    5.15       1       5
    1082    5.15       1       5
    1083    5.09       1       5
    1084    0.00       1       5
    1085    0.00       1       5
    1086    0.00       1       5
    1087    0.00       1       5
    1088    0.00       1       5
    1089    0.00       1       5
    1090    0.00       1       5
    1091    0.00       1       5
    1092    0.00       1       5
    1093    0.00       1       5
    1094    0.00       1       5
    1095    0.00       1       5
    1096    0.00       1       5
    1097    0.00       1       5
    1098    0.00       1       5
    1099    0.00       1       5
    1100    0.00       1       5
    1101    4.07       1       5
    1102    0.00       1       5
    1103    0.00       1       5
    1104    0.00       1       5
    1105    4.11       1       5
    1106    0.00       1       5
    1107    0.00       1       5
    1108    4.11       1       5
    1109    0.00       1       5
    1110    4.11       1       5
    1111    4.11       1       5
    1112    2.08       1       5
    1113    2.07       1       5
    1114    4.11       1       5
    1115    4.11       1       5
    1116    0.00       1       5
    1117    4.11       1       5
    1118    0.00       1       5
    1119    4.11       1       5
    1120    0.00       1       5
    1121    3.83       1       5
    1122    0.00       1       5
    1123    0.00       1       5
    1124    3.83       1       5
    1125    0.00       1       5
    1126    0.00       1       5
    1127    0.00       1       5
    1128    4.21       1       5
    1129    0.00       1       5
    1130    4.21       1       5
    1131    4.21       1       5
    1132    2.11       1       5
    1133    4.21       1       5
    1134    2.11       1       5
    1135    4.21       1       5
    1136    0.00       1       5
    1137    0.00       1       5
    1138    4.21       1       5
    1139    4.21       1       5
    1140    2.11       1       5
    1141    4.21       1       5
    1142    0.92       1       5
    1143    4.21       1       5
    1144    2.10       1       5
    1145    4.21       1       5
    1146    1.44       1       5
    1147    2.10       1       5
    1148    2.10       1       5
    1149    2.09       1       5
    1150    4.21       1       5
    1151    0.00       1       5
    1152    4.21       1       5
    1153    4.21       1       5
    1154    0.00       1       5
    1155    4.21       1       5
    1156    0.00       1       5
    1157    4.67       1       5
    1158    2.20       1       5
    1159    4.67       1       5
    1160    4.67       1       5
    1161    1.53       1       5
    1162    5.37       1       5
    1163    2.31       1       5
    1164    5.37       1       5
    1165    2.31       1       5
    1166    5.37       1       5
    1167    0.00       1       5
    1168    5.37       1       5
    1169    1.53       1       5
    1170    0.45       1       5
    1171    0.80       1       5
    1172    5.31       1       5
    1173    0.70       1       5
    1174    0.79       1       5
    1175    0.62       1       5
    1176    0.69       1       5
    1177    0.78       1       5
    1178    0.52       1       5
    1179    0.43       1       5
    1180    0.89       1       5
    1181    0.89       1       5
    1182    0.67       1       5
    1183    0.43       1       5
    1184    0.47       1       5
    1185    0.54       1       5
    1186    0.32       1       5
    1187    0.27       1       5
    1188    0.27       1       5
    1189    0.31       1       5
    1190    0.29       1       5
    1191    0.29       1       5
    1192    0.28       1       5
    1193    0.33       1       5
    1194    0.56       1       5
    1195    1.16       1       5
    1196    1.16       1       5
    1197    0.72       1       5
    1198    0.72       1       5
    1199    1.15       1       5
    1200    1.75       1       5
    1201    0.87       1       5
    1202    0.62       1       5
    1203    0.71       1       5
    1204    1.14       1       5
    1205    0.54       1       5
    1206    0.36       1       5
    1207    0.38       1       5
    1208    0.48       1       5
    1209    0.69       1       5
    1210    1.69       1       5
    1211    1.10       1       5
    1212    1.68       1       5
    1213    1.68       1       5
    1214    0.29       1       5
    1215    0.32       1       5
    1216    0.28       1       5
    1217    0.30       1       5
    1218    0.50       1       5
    1219    1.04       1       5
    1220    0.79       1       5
    1221    1.58       1       5
    1222    4.01       1       5
    1223    1.58       1       5
    1224    1.58       1       5
    1225    4.01       1       5
    1226    4.01       1       5
    1227    4.01       1       5
    1228    4.01       1       5
    1229    4.01       1       5
    1230    1.58       1       5
    1231    1.58       1       5
    1232    1.58       1       5
    1233    4.01       1       5
    1234    4.01       1       5
    1235    4.01       1       5
    1236    4.01       1       5
    1237    4.01       1       5
    1238    1.58       1       5
    1239    4.01       1       5
    1240    4.01       1       5
    1241    4.01       1       5
    1242    0.00       1       5
    1243    4.01       1       5
    1244    4.01       1       5
    1245    0.00       1       5
    1246    4.01       1       5
    1247    4.01       1       5
    1248    0.00       1       5
    1249    3.67       1       5
    1250    0.00       1       5
    1251    3.67       1       5
    1252    0.00       1       5
    1253    0.00       1       5
    1254    0.00       1       5
    1255    3.67       1       5
    1256    0.00       1       5
    1257    0.00       1       5
    1258    0.00       1       5
    1259    3.70       1       5
    1260    3.70       1       5
    1261    0.00       1       5
    1262    3.70       1       5
    1263    0.00       1       5
    1264    3.70       1       5
    1265    0.00       1       5
    1266    5.49       1       5
    1267    0.00       1       5
    1268    3.60       1       5
    1269    3.60       1       5
    1270    0.00       1       5
    1271    0.00       1       5
    1272    0.00       1       5
    1273    3.60       1       5
    1274    0.00       1       5
    1275    0.00       1       5
    1276    0.00       1       5
    1277    3.62       1       5
    1278    3.02       1       5
    1279    3.02       1       5
    1280    0.00       1       5
    1281    3.02       1       5
    1282    0.00       1       5
    1283    0.00       1       5
    1284    0.00       1       5
    1285    0.00       1       5
    1286    0.00       1       5
    1287    0.00       1       5
    1288    0.00       1       5
    1289    0.00       1       5
    1290    0.00       1       5
    1291    0.00       1       5
    1292    0.00       1       5
    1293    3.04       1       5
    1294    0.00       1       5
    1295    3.06       1       5
    1296    0.00       1       5
    1297    0.00       1       5
    1298    3.06       1       5
    1299    3.06       1       5
    1300    0.00       1       5
    1301    0.00       1       5
    1302    0.00       1       5
    1303    3.06       1       5
    1304    0.00       1       5
    1305    0.00       1       5
    1306    0.00       1       5
    1307    0.00       1       5
    1308    0.00       1       5
    1309    2.72       1       5
    1310    0.00       1       5
    1311    0.00       1       5
    1312    2.72       1       5
    1313    0.00       1       5
    1314    0.00       1       5
    1315    0.00       1       5
    1316    0.00       1       5
    1317    0.00       1       5
    1318    0.00       1       5
    1319    2.73       1       5
    1320    0.00       1       5
    1321    0.00       1       5
    1322    0.00       1       5
    1323    0.00       1       5
    1324    3.52       1       5
    1325    3.52       1       5
    1326    0.00       1       5
    1327    2.69       1       5
    1328    2.69       1       5
    1329    0.00       1       5
    1330    2.69       1       5
    1331    0.00       1       5
    1332    2.69       1       5
    1333    0.00       1       5
    1334    2.69       1       5
    1335    0.00       1       5
    1336    2.69       1       5
    1337    0.00       1       5
    1338    0.00       1       5
    1339    0.00       1       5
    1340    2.34       1       5
    1341    0.00       1       5
    1342    0.00       1       5
    1343    0.00       1       5
    1344    0.00       1       5
    1345    0.00       1       5
    1346    0.00       1       5
    1347    0.00       1       5
    1348    0.00       1       5
    1349    2.36       1       5
    1350    0.00       1       5
    1351    0.00       1       5
    1352    0.00       1       5
    1353    0.00       1       5
    1354    0.00       1       5
    1355    0.00       1       5
    1356    0.00       1       5
    1357    0.00       1       5
    1358    0.00       1       5
    1359    0.00       1       5
    1360    0.00       1       5
    1361    0.00       1       5
    1362    7.51       1       5
    1363    7.51       1       5
    1364    0.00       1       5
    1365    7.51       1       5
    1366    0.00       1       5
    1367    7.51       1       5
    1368    0.00       1       5
    1369    7.51       1       5
    1370    0.00       1       5
    1371    4.58       1       5
    1372    0.00       1       5
    1373    4.58       1       5
    1374    4.58       1       5
    1375    0.00       1       5
    1376    0.00       1       5
    1377    0.00       1       5
    1378    0.00       1       5
    1379    0.00       1       5
    1380    0.00       1       5
    1381    0.00       1       5
    1382    0.00       1       5
    1383    0.00       1       5
    1384    0.00       1       5
    1385    0.00       1       5
    1386    4.17       1       5
    1387    0.00       1       5
    1388    4.17       1       5
    1389    0.00       1       5
    1390    1.71       1       5
    1391    4.17       1       5
    1392    4.17       1       5
    1393    4.17       1       5
    1394    0.00       1       5
    1395    4.17       1       5
    1396    0.00       1       5
    1397    0.00       1       5
    1398    3.89       1       5
    1399    3.89       1       5
    1400    0.00       1       5
    1401    3.95       1       5
    1402    3.95       1       5
    1403    0.00       1       5
    1404    3.95       1       5
    1405    0.00       1       5
    1406    3.95       1       5
    1407    0.00       1       5
    1408    3.95       1       5
    1409    0.00       1       5
    1410    3.95       1       5
    1411    0.00       1       5
    1412    0.00       1       5
    1413    2.68       1       5
    1414    2.68       1       5
    1415    2.68       1       5
    1416    0.00       1       5
    1417    4.17       1       5
    1418    4.17       1       5
    1419    4.17       1       5
    1420    4.17       1       5
    1421    4.17       1       5
    1422    0.00       1       5
    1423    4.17       1       5
    1424    0.00       1       5
    1425    4.17       1       5
    1426    3.92       1       5
    1427    3.92       1       5
    1428    0.00       1       5
    1429    3.92       1       5
    1430    3.92       1       5
    1431    0.00       1       5
    1432    4.17       1       5
    1433    0.00       1       5
    1434    4.17       1       5
    1435    4.17       1       5
    1436    4.17       1       5
    1437    4.17       1       5
    1438    4.17       1       5
    1439    4.17       1       5
    1440    0.00       1       5
    1441    4.17       1       5
    1442    8.16       1       5
    1443    8.16       1       5
    1444    8.16       1       5
    1445    0.00       1       5
    1446    8.16       1       5
    1447    8.16       1       5
    1448    8.16       1       5
    1449    0.00       1       5
    1450    0.00       1       5
    1451    0.00       1       5
    1452    0.00       1       5
    1453    0.00       1       5
    1454    0.00       1       5
    1455    0.00       1       5
    1456    0.00       1       5
    1457    4.35       1       5
    1458    0.00       1       5
    1459    4.35       1       5
    1460    0.00       1       5
    1461    3.83       1       5
    1462    0.00       1       5
    1463    0.00       1       5
    1464    0.00       1       5
    1465    0.00       1       5
    1466    4.80       1       5
    1467    0.00       1       5
    1468    0.00       1       5
    1469    1.89       1       5
    1470    4.80       1       5
    1471    4.80       1       5
    1472    4.80       1       5
    1473    0.00       1       5
    1474    0.00       1       5
    1475    4.80       1       5
    1476    0.00       1       5
    1477    4.85       1       5
    1478    4.85       1       5
    1479    0.00       1       5
    1480    4.85       1       5
    1481    0.00       1       5
    1482    4.85       1       5
    1483    0.00       1       5
    1484    4.85       1       5
    1485    4.85       1       5
    1486    4.85       1       5
    1487    0.00       1       5
    1488    4.85       1       5
    1489    0.00       1       5
    1490    0.00       1       5
    1491    4.85       1       5
    1492    0.93       1       5
    1493    0.56       1       5
    1494    2.97       1       5
    1495    1.09       1       5
    1496    2.97       1       5
    1497    2.97       1       5
    1498    2.97       1       5
    1499    2.97       1       5
    1500    2.97       1       5
    1501    0.00       1       5
    1502    2.97       1       5
    1503    0.00       1       5
    1504    0.00       1       5
    1505    1.56       1       5
    1506    2.97       1       5
    1507    2.97       1       5
    1508    0.00       1       5
    1509    4.01       1       5
    1510    4.01       1       5
    1511    4.01       1       5
    1512    0.74       1       5
    1513    4.01       1       5
    1514    0.90       1       5
    1515    3.98       1       5
    1516    3.98       1       5
    1517    1.76       1       5
    1518    3.98       1       5
    1519    1.76       1       5
    1520    3.98       1       5
    1521    1.17       1       5
    1522    1.21       1       5
    1523    1.20       1       5
    1524    0.57       1       5
    1525    0.91       1       5
    1526    0.51       1       5
    1527    0.37       1       5
    1528    0.36       1       5
    1529    0.32       1       5
    1530    0.46       1       5
    1531    0.55       1       5
    1532    0.71       1       5
    1533    0.54       1       5
    1534    0.35       1       5
    1535    0.28       1       5
    1536    0.48       1       5
    1537    0.32       1       5
    1538    0.31       1       5
    1539    0.51       1       5
    1540    0.40       1       5
    1541    0.46       1       5
    1542    0.36       1       5
    1543    0.32       1       5
    1544    0.45       1       5
    1545    0.37       1       5
    1546    0.28       1       5
    1547    0.27       1       5
    1548    0.33       1       5
    1549    0.53       1       5
    1550    0.74       1       5
    1551    0.43       1       5
    1552    0.30       1       5
    1553    0.42       1       5
    1554    0.72       1       5
    1555    0.94       1       5
    1556    0.42       1       5
    1557    0.42       1       5
    1558    0.59       1       5
    1559    0.93       1       5
    1560    1.42       1       5
    1561    3.65       1       5
    1562    0.59       1       5
    1563    1.41       1       5
    1564    1.41       1       5
    1565    0.71       1       5
    1566    1.41       1       5
    1567    3.65       1       5
    1568    1.41       1       5
    1569    1.41       1       5
    1570    3.65       1       5
    1571    1.41       1       5
    1572    0.58       1       5
    1573    0.29       1       5
    1574    0.28       1       5
    1575    0.28       1       5
    1576    0.30       1       5
    1577    0.29       1       5
    1578    0.30       1       5
    1579    0.28       1       5
    1580    0.36       1       5
    1581    0.63       1       5
    1582    0.53       1       5
    1583    0.82       1       5
    1584    1.26       1       5
    1585    1.26       1       5
    1586    3.37       1       5
    1587    3.37       1       5
    1588    3.37       1       5
    1589    3.37       1       5
    1590    3.37       1       5
    1591    0.00       1       5
    1592    3.37       1       5
    1593    3.37       1       5
    1594    0.00       1       5
    1595    3.37       1       5
    1596    3.37       1       5
    1597    0.00       1       5
    1598    3.37       1       5
    1599    3.37       1       5
    1600    3.37       1       5
    1601    0.00       1       5
    1602    3.37       1       5
    1603    3.37       1       5
    1604    3.37       1       5
    1605    3.37       1       5
    1606    3.37       1       5
    1607    0.00       1       5
    1608    3.37       1       5
    1609    0.00       1       5
    1610    3.37       1       5
    1611    0.00       1       5
    1612    0.00       1       5
    1613    3.37       1       5
    1614    3.06       1       5
    1615    0.00       1       5
    1616    3.06       1       5
    1617    0.00       1       5
    1618    0.00       1       5
    1619    3.08       1       5
    1620    0.00       1       5
    1621    3.08       1       5
    1622    3.08       1       5
    1623    3.08       1       5
    1624    3.08       1       5
    1625    0.00       1       5
    1626    3.08       1       5
    1627    0.00       1       5
    1628    3.08       1       5
    1629    0.00       1       5
    1630    0.00       1       5
    1631    3.08       1       5
    1632    0.00       1       5
    1633    3.08       1       5
    1634    0.00       1       5
    1635    0.00       1       5
    1636    0.00       1       5
    1637    0.00       1       5
    1638    3.08       1       5
    1639    0.00       1       5
    1640    3.08       1       5
    1641    0.00       1       5
    1642    3.09       1       5
    1643    3.09       1       5
    1644    2.53       1       5
    1645    2.53       1       5
    1646    0.00       1       5
    1647    2.53       1       5
    1648    2.53       1       5
    1649    2.53       1       5
    1650    2.53       1       5
    1651    2.53       1       5
    1652    2.53       1       5
    1653    0.00       1       5
    1654    2.53       1       5
    1655    2.53       1       5
    1656    0.00       1       5
    1657    2.53       1       5
    1658    0.00       1       5
    1659    2.54       1       5
    1660    0.00       1       5
    1661    0.00       1       5
    1662    0.00       1       5
    1663    0.00       1       5
    1664    0.00       1       5
    1665    0.00       1       5
    1666    0.00       1       5
    1667    0.00       1       5
    1668    0.00       1       5
    1669    0.00       1       5
    1670    0.00       1       5
    1671    0.00       1       5
    1672    0.00       1       5
    1673    0.00       1       5
    1674    0.00       1       5
    1675    0.00       1       5
    1676    0.00       1       5
    1677    0.00       1       5
    1678    0.00       1       5
    1679   15.21       1       5
    1680    8.77       1       5
    1681    0.00       1       5
    1682    8.77       1       5
    1683    8.77       1       5
    1684    8.77       1       5
    1685    8.77       1       5
    1686    0.00       1       5
    1687    8.61       1       5
    1688    8.61       1       5
    1689    8.61       1       5
    1690    8.61       1       5
    1691    9.88       1       5
    1692    9.68       1       5
    1693    9.68       1       5
    1694    9.68       1       5
    1695    9.68       1       5
    1696    9.68       1       5
    1697    0.00       1       5
    1698    9.68       1       5
    1699    9.68       1       5
    1700    9.68       1       5
    1701    9.68       1       5
    1702    9.68       1       5
    1703    9.68       1       5
    1704    0.00       1       5
    1705    9.48       1       5
    1706    4.50       1       5
    1707    4.50       1       5
    1708    4.50       1       5
    1709    0.00       1       5
    1710    4.50       1       5
    1711    4.50       1       5
    1712    4.50       1       5
    1713    4.50       1       5
    1714    0.00       1       5
    1715    0.00       1       5
    1716    0.00       1       5
    1717    0.00       1       5
    1718    0.00       1       5
    1719    0.00       1       5
    1720    0.00       1       5
    1721    0.00       1       5
    1722    0.00       1       5
    1723    5.55       1       5
    1724    5.55       1       5
    1725    0.00       1       5
    1726    0.00       1       5
    1727    0.00       1       5
    1728    4.04       1       5
    1729    1.52       1       5
    1730    5.49       1       5
    1731    5.49       1       5
    1732    5.49       1       5
    1733    1.52       1       5
    1734    5.49       1       5
    1735    5.49       1       5
    1736    1.51       1       5
    1737    0.00       1       5
    1738    1.46       1       5
    1739    4.54       1       5
    1740    1.46       1       5
    1741    1.46       1       5
    1742    4.54       1       5
    1743    1.46       1       5
    1744    4.54       1       5
    1745    4.54       1       5
    1746    4.54       1       5
    1747    4.54       1       5
    1748    0.00       1       5
    1749    4.54       1       5
    1750    4.54       1       5
    1751    0.00       1       5
    1752    4.54       1       5
    1753    4.63       1       5
    1754    4.63       1       5
    1755    0.00       1       5
    1756    4.63       1       5
    1757    4.63       1       5
    1758    0.00       1       5
    1759    4.63       1       5
    1760    0.00       1       5
    1761    4.63       1       5
    1762    4.58       1       5
    1763    0.00       1       5
    1764    4.58       1       5
    1765    0.00       1       5
    1766    4.58       1       5
    1767    4.76       1       5
    1768    4.76       1       5
    1769    0.94       1       5
    1770    1.50       1       5
    1771    4.76       1       5
    1772    1.50       1       5
    1773    4.76       1       5
    1774    4.76       1       5
    1775    0.00       1       5
    1776    4.76       1       5
    1777    4.76       1       5
    1778    4.76       1       5
    1779    4.76       1       5
    1780    4.71       1       5
    1781    4.71       1       5
    1782    4.71       1       5
    1783    0.00       1       5
    1784    4.71       1       5
    1785    4.71       1       5
    1786    4.71       1       5
    1787    4.71       1       5
    1788    4.71       1       5
    1789    3.70       1       5
    1790    3.70       1       5
    1791    3.70       1       5
    1792    3.70       1       5
    1793    0.00       1       5
    1794    3.70       1       5
    1795    3.70       1       5
    1796    3.70       1       5
    1797    4.04       1       5
    1798    4.04       1       5
    1799    0.00       1       5
    1800    4.01       1       5
    1801    4.01       1       5
    1802    4.01       1       5
    1803    5.74       1       5
    1804    5.74       1       5
    1805    0.00       1       5
    1806    5.74       1       5
    1807    5.74       1       5
    1808    5.74       1       5
    1809    0.00       1       5
    1810    5.67       1       5
    1811    5.67       1       5
    1812    5.67       1       5
    1813    5.67       1       5
    1814    5.67       1       5
    1815    0.00       1       5
    1816    5.67       1       5
    1817    5.67       1       5
    1818    5.67       1       5
    1819    3.83       1       5
    1820    3.83       1       5
    1821    3.83       1       5
    1822    3.83       1       5
    1823    0.00       1       5
    1824    3.81       1       5
    1825    0.00       1       5
    1826    3.81       1       5
    1827    3.81       1       5
    1828    1.59       1       5
    1829    5.37       1       5
    1830    5.37       1       5
    1831    1.60       1       5
    1832    5.37       1       5
    1833    5.37       1       5
    1834    7.63       1       5
    1835    7.63       1       5
    1836    7.63       1       5
    1837    7.51       1       5
    1838    0.00       1       5
    1839    7.51       1       5
    1840    1.73       1       5
    1841    7.51       1       5
    1842    7.51       1       5
    1843    7.51       1       5
    1844    7.51       1       5
    1845    7.51       1       5
    1846    7.51       1       5
    1847    7.51       1       5
    1848    7.40       1       5
    1849    7.40       1       5
    1850    1.73       1       5
    1851    7.40       1       5
    1852    7.40       1       5
    1853    7.40       1       5
    1854    7.40       1       5
    1855    7.40       1       5
    1856    7.40       1       5
    1857    7.40       1       5
    1858    0.00       1       5
    1859   11.95       1       5
    1860   11.95       1       5
    1861   11.95       1       5
    1862   11.64       1       5
    1863   11.64       1       5
    1864   11.64       1       5
    1865    0.00       1       5
    1866   11.64       1       5
    1867   11.64       1       5
    1868    1.87       1       5
    1869    1.87       1       5
    1870   11.64       1       5
    1871    1.87       1       5
    1872   11.64       1       5
    1873    1.87       1       5
    1874    1.10       1       5
    1875    1.87       1       5
    1876   11.64       1       5
    1877    1.10       1       5
    1878    1.87       1       5
    1879   11.64       1       5
    1880   11.35       1       5
    1881   11.35       1       5
    1882    1.87       1       5
    1883   11.35       1       5
    1884   11.35       1       5
    1885    1.88       1       5
    1886    1.10       1       5
    1887    2.03       1       5
    1888   30.48       1       5
    1889    2.03       1       5
    1890   28.36       1       5
    1891   28.36       1       5
    1892    2.03       1       5
    1893   28.36       1       5
    1894    2.03       1       5
    1895   28.36       1       5
    1896    2.03       1       5
    1897   28.36       1       5
    1898    0.00       1       5
    1899    0.00       1       5
    1900    2.42       1       5
    1901    0.00       1       5
    1902    2.42       1       5
    1903    2.42       1       5
    1904    2.42       1       5
    1905    2.73       1       5
    1906    0.00       1       5
    1907    2.73       1       5
    1908    0.00       1       5
    1909    0.70       1       5
    1910    1.31       1       5
    1911    0.70       1       5
    1912    2.72       1       5
    1913    2.72       1       5
    1914    1.31       1       5
    1915    2.72       1       5
    1916    2.72       1       5
    1917    2.72       1       5
    1918    0.00       1       5
    1919    0.00       1       5
    1920    2.66       1       5
    1921    0.00       1       5
    1922    0.00       1       5
    1923    2.66       1       5
    1924    0.00       1       5
    1925    0.00       1       5
    1926    0.00       1       5
    1927    2.66       1       5
    1928    0.00       1       5
    1929    1.30       1       5
    1930    2.66       1       5
    1931    0.00       1       5
    1932    0.00       1       5
    1933    0.00       1       5
    1934    0.00       1       5
    1935    1.30       1       5
    1936    2.67       1       5
    1937    2.67       1       5
    1938    0.00       1       5
    1939    0.70       1       5
    1940    2.67       1       5
    1941    2.67       1       5
    1942    0.00       1       5
    1943    2.67       1       5
    1944    0.00       1       5
    1945    2.67       1       5
    1946    3.75       1       5
    1947    3.75       1       5
    1948    3.81       1       5
    1949    3.81       1       5
    1950    0.00       1       5
    1951    1.49       1       5
    1952    1.48       1       5
    1953    0.97       1       5
    1954    0.97       1       5
    1955    3.78       1       5
    1956    3.78       1       5
    1957    3.78       1       5
    1958    0.00       1       5
    1959    0.00       1       5
    1960    0.97       1       5
    1961    3.78       1       5
    1962    0.00       1       5
    1963    3.78       1       5
    1964    0.00       1       5
    1965    3.78       1       5
    1966    3.78       1       5
    1967    0.00       1       5
    1968    0.00       1       5
    1969    0.00       1       5
    1970    0.00       1       5
    1971    0.00       1       5
    1972    0.00       1       5
    1973    0.00       1       5
    1974    0.00       1       5
    1975    3.81       1       5
    1976    0.00       1       5
    1977    4.50       1       5
    1978    0.00       1       5
    1979    4.04       1       5
    1980    0.00       1       5
    1981    0.00       1       5
    1982    0.00       1       5
    1983    4.04       1       5
    1984    0.00       1       5
    1985    0.00       1       5
    1986    0.00       1       5
    1987    4.07       1       5
    1988    4.07       1       5
    1989    0.00       1       5
    1990    4.07       1       5
    1991    0.00       1       5
    1992    0.00       1       5
    1993    0.00       1       5
    1994    4.07       1       5
    1995    0.00       1       5
    1996    4.07       1       5
    1997    0.00       1       5
    1998    4.07       1       5
    1999    0.00       1       5
    2000    0.00       1       5
    2001    0.00       1       5
    2002    0.00       1       5
    2003    4.07       1       5
    2004    0.00       1       5
    2005    0.00       1       5
    2006    0.00       1       5
    2007    4.11       1       5
    2008    0.00       1       5
    2009    0.00       1       5
    2010    0.00       1       5
    2011    0.00       1       5
    2012    0.00       1       5
    2013    0.00       1       5
    2014    3.32       1       5
    2015    0.00       1       5
    2016    3.32       1       5
    2017    0.00       1       5
    2018    0.00       1       5
    2019    0.00       1       5
    2020    0.00       1       5
    2021    0.00       1       5
    2022    3.32       1       5
    2023    0.00       1       5
    2024    0.00       1       5
    2025    0.00       1       5
    2026    0.00       1       5
    2027    0.00       1       5
    2028    0.00       1       5
    2029    0.00       1       5
    2030    0.00       1       5
    2031    0.00       1       5
    2032    0.00       1       5
    2033    0.00       1       5
    2034    0.00       1       5
    2035    0.00       1       5
    2036    0.00       1       5
    2037    0.00       1       5
    2038    0.00       1       5
    2039    0.00       1       5
    2040    0.00       1       5
    2041    0.00       1       5
    2042    0.00       1       5
    2043    0.00       1       5
    2044    0.00       1       5
    2045    0.00       1       5
    2046    2.94       1       5
    2047    0.00       1       5
    2048    0.00       1       5
    2049    0.00       1       5
    2050    0.00       1       5
    2051    0.00       1       5
    2052    0.00       1       5
    2053    0.00       1       5
    2054    0.00       1       5
    2055    0.00       1       5
    2056    0.00       1       5
    2057    0.00       1       5
    2058    0.00       1       5
    2059    0.00       1       5
    2060    0.00       1       5
    2061    0.00       1       5
    2062    0.00       1       5
    2063    0.00       1       5
    2064    0.00       1       5
    2065    0.00       1       5
    2066    0.00       1       5
    2067    0.00       1       5
    2068    0.00       1       5
    2069    0.00       1       5
    2070    0.00       1       5
    2071   20.16       1       5
    2072   19.25       1       5
    2073   19.25       1       5
    2074   19.25       1       5
    2075   19.25       1       5
    2076   19.25       1       5
    2077   19.25       1       5
    2078    0.00       1       5
    2079    0.00       1       5
    2080    0.00       1       5
    2081    0.00       1       5
    2082   10.81       1       5
    2083   10.81       1       5
    2084   10.81       1       5
    2085    0.00       1       5
    2086   10.81       1       5
    2087   10.81       1       5
    2088   10.56       1       5
    2089   10.56       1       5
    2090   10.56       1       5
    2091    6.97       1       5
    2092    6.97       1       5
    2093    6.97       1       5
    2094    6.97       1       5
    2095    6.97       1       5
    2096    6.97       1       5
    2097    0.00       1       5
    2098    6.97       1       5
    2099    6.97       1       5
    2100    6.97       1       5
    2101    6.68       1       5
    2102    6.68       1       5
    2103    6.68       1       5
    2104    0.00       1       5
    2105    6.68       1       5
    2106    6.68       1       5
    2107    6.68       1       5
    2108    6.68       1       5
    2109    0.00       1       5
    2110    6.68       1       5
    2111    6.68       1       5
    2112    6.68       1       5
    2113    0.00       1       5
    2114    6.68       1       5
    2115    6.68       1       5
    2116    6.59       1       5
    2117    6.59       1       5
    2118    0.00       1       5
    2119    6.59       1       5
    2120    6.59       1       5
    2121    1.88       1       5
    2122    6.59       1       5
    2123    6.59       1       5
    2124    6.59       1       5
    2125    6.59       1       5
    2126    6.59       1       5
    2127    6.59       1       5
    2128    6.59       1       5
    2129    0.00       1       5
    2130    6.59       1       5
    2131    6.59       1       5
    2132    6.87       1       5
    2133    6.87       1       5
    2134   10.10       1       5
    2135   10.10       1       5
    2136   10.10       1       5
    2137   10.10       1       5
    2138   10.10       1       5
    2139   10.10       1       5
    2140    0.00       1       5
    2141   10.10       1       5
    2142   10.10       1       5
    2143    9.88       1       5
    2144    9.88       1       5
    2145    9.88       1       5
    2146    9.88       1       5
    2147    9.88       1       5
    2148    9.88       1       5
    2149   10.81       1       5
    2150   10.81       1       5
    2151   10.81       1       5
    2152   10.81       1       5
    2153    0.00       1       5
    2154   10.81       1       5
    2155    0.00       1       5
    2156   10.81       1       5
    2157   10.81       1       5
    2158   10.81       1       5
    2159   10.81       1       5
    2160   10.81       1       5
    2161    0.00       1       5
    2162   13.78       1       5
    2163   10.81       1       5
    2164   10.81       1       5
    2165    0.00       1       5
    2166   10.81       1       5
    2167   10.56       1       5
    2168   10.56       1       5
    2169   10.56       1       5
    2170    0.00       1       5
    2171   10.56       1       5
    2172   10.56       1       5
    2173   10.56       1       5
    2174   10.56       1       5
    2175   10.56       1       5
    2176   10.56       1       5
    2177   10.56       1       5
    2178    0.00       1       5
    2179   10.56       1       5
    2180   10.56       1       5
    2181   10.56       1       5
    2182   10.56       1       5
    2183    0.00       1       5
    2184   10.33       1       5
    2185   10.33       1       5
    2186   10.33       1       5
    2187   10.33       1       5
    2188   10.33       1       5
    2189   10.33       1       5
    2190   10.33       1       5
    2191   10.33       1       5
    2192    0.00       1       5
