2016 a 2020, Edson Queiroz, Braço 2, Variável PO4 , CHLA, OD - Entrada

    JDAY MINP_IN ALGA_IN DISOX_I
    1.00   0.005   1e-11     7.6
    2.00  0.0064 1.1e-11     7.5
    3.00  0.0082 1.3e-11     7.5
    4.00  0.0091 1.3e-11     7.5
    5.00   0.013 1.8e-11     7.5
    6.00   0.016 1.9e-11     7.5
    7.00  0.0055   3e-12     7.7
    8.00   0.001 3.9e-11       8
    9.00   0.071   0.039     1.2
   10.00    0.04 3.7e-12     6.7
   11.00 0.00034 8.9e-13     7.7
   12.00 0.00046 9.9e-13     7.7
   13.00 0.00049 1.1e-12     7.7
   14.00 0.00036 1.2e-12     7.7
   15.00  0.0025 1.4e-12     7.7
   16.00    0.04 8.3e-13     4.7
   17.00 0.00084 7.8e-13     7.9
   18.00 4.3e-05 5.5e-13     7.8
   19.00    0.16    0.66       4
   20.00    0.07     0.1     6.9
   21.00    0.16     1.4    0.15
   22.00    0.17     1.3     1.2
   23.00    0.24    0.58     1.2
   24.00    0.19    0.66     0.2
   25.00    0.11     0.8       1
   26.00   0.057     0.4     5.1
   27.00   0.031    0.11       5
   28.00   0.013    0.12     7.3
   29.00  0.0021 0.00016     7.9
   30.00 0.00045 4.4e-06       8
   31.00    0.11   0.031    0.87
   32.00   0.052     1.1       1
   33.00   0.071     1.2     3.3
   34.00   0.022     1.2     5.3
   35.00  0.0021    0.25     7.8
   36.00 0.00023 7.1e-10       8
   37.00 0.00024 1.6e-14     7.9
   38.00 0.00032 1.9e-14     7.9
   39.00 0.00036 2.3e-14       8
   40.00   4e-04 2.9e-14     7.9
   41.00  0.0014 3.6e-14     7.8
   42.00  0.0017 4.5e-14     7.9
   43.00  0.0021 5.7e-14     7.9
   44.00  0.0026 7.1e-14     7.8
   45.00  0.0027 8.7e-14     7.9
   46.00   0.071   0.035    0.53
   47.00   0.052 4.1e-14     3.8
   48.00  0.0029 6.6e-14     7.7
   49.00  0.0035   1e-13     7.8
   50.00  0.0025 1.3e-13     7.9
   51.00 0.00089 1.5e-13       8
   52.00  0.0026 1.7e-13     7.8
   53.00   0.003 1.8e-13     7.8
   54.00   0.002 1.7e-13     7.9
   55.00  0.0019 1.5e-13     7.7
   56.00  0.0022 1.4e-13     7.7
   57.00  0.0026 1.4e-13     7.7
   58.00  0.0031 1.5e-13     7.7
   59.00  0.0035 1.7e-13     7.9
   60.00  0.0038 1.9e-13     7.9
   61.00  0.0051 2.3e-13     7.6
   62.00  0.0058 2.9e-13     7.7
   63.00  0.0064 3.5e-13     7.8
   64.00  0.0067 4.2e-13     7.9
   65.00  0.0061 4.8e-13     7.8
   66.00  0.0058 5.2e-13     7.6
   67.00  0.0058 5.4e-13     7.6
   68.00  0.0064 5.8e-13     7.7
   69.00   0.067 1.8e-13     2.3
   70.00  0.0021 1.8e-13     7.8
   71.00    0.43   0.035    0.32
   72.00    0.26 1.2e-12     5.5
   73.00   0.012 6.8e-14     7.7
   74.00  0.0012 7.8e-14     7.9
   75.00 0.00057 9.5e-14     7.8
   76.00 0.00059 1.2e-13     7.7
   77.00   0.066    0.24    0.49
   78.00   0.036     1.6     3.3
   79.00 0.00045 7.4e-08     7.7
   80.00 0.00026 5.5e-14     7.8
   81.00 0.00038    0.05     7.7
   82.00 0.00033   0.012     7.8
   83.00 0.00046   0.015     7.8
   84.00 0.00047   3e-13     7.8
   85.00 0.00057 6.2e-14     7.8
   86.00 0.00057 6.9e-14     7.8
   87.00 0.00046 7.3e-14     7.9
   88.00   0.028     1.4     3.4
   89.00   0.031 0.00096     7.4
   90.00   0.077     2.3    0.83
   91.00   0.051    0.93     6.1
   92.00   0.027     1.5     4.6
   93.00   0.024     2.2     4.2
   94.00   0.018     1.4     6.5
   95.00   0.036     1.2     2.8
   96.00   0.018    0.45     7.4
   97.00   0.023     1.4     3.9
   98.00   0.059     1.8     1.1
   99.00   0.073    0.56     3.4
  100.00   0.028    0.23     5.9
  101.00  0.0066    0.11     7.7
  102.00    0.01    0.18     6.8
  103.00   0.057     1.3     3.4
  104.00   0.012 1.4e-07     7.8
  105.00  0.0013 1.4e-14     7.9
  106.00  0.0019    0.02     7.7
  107.00  0.0043   0.011     7.9
  108.00 0.00085  0.0031     7.9
  109.00   3e-04 5.1e-14     7.9
  110.00 0.00072  0.0039     7.9
  111.00 0.00036 5.8e-14     7.8
  112.00 0.00046 4.7e-14     7.8
  113.00 0.00082 7.8e-05     8.2
  114.00   0.022    0.39     5.3
  115.00  0.0012 5.8e-10     7.8
  116.00 0.00068 7.7e-14     7.9
  117.00   0.002 8.9e-14     7.9
  118.00  0.0027 1.1e-13     7.8
  119.00  0.0033 1.3e-13     7.8
  120.00  0.0038 1.5e-13     7.9
  121.00  0.0045 1.9e-13     7.8
  122.00  0.0052 2.3e-13     7.8
  123.00  0.0053 2.8e-13     7.9
  124.00   0.028   0.013     7.7
  125.00  0.0017 1.9e-13     7.8
  126.00 0.00066 1.7e-13       8
  127.00 0.00088 1.6e-13     7.9
  128.00 0.00085 1.6e-13     7.7
  129.00  0.0022 1.7e-13     7.8
  130.00  0.0026 1.8e-13     7.8
  131.00   0.045    0.16     2.9
  132.00  0.0012 2.3e-11     7.9
  133.00 0.00054 1.3e-13       8
  134.00   6e-04 1.4e-13     7.9
  135.00 0.00063 1.5e-13     7.9
  136.00   6e-04 1.7e-13     7.8
  137.00  0.0025 1.9e-13     7.8
  138.00   0.003 2.1e-13     7.9
  139.00  0.0036 2.4e-13     7.9
  140.00  0.0045 2.9e-13     7.8
  141.00  0.0056 3.5e-13     7.8
  142.00  0.0069 4.4e-13     7.8
  143.00  0.0082 5.5e-13     7.8
  144.00  0.0099 6.7e-13     7.8
  145.00   0.011 8.3e-13     7.7
  146.00  0.0075 9.5e-13     7.8
  147.00  0.0044 9.3e-13     7.8
  148.00  0.0034 8.1e-13     7.8
  149.00  0.0038 7.4e-13     7.8
  150.00  0.0048 7.4e-13     7.8
  151.00  0.0053 7.8e-13     7.9
  152.00  0.0042 7.9e-13     7.9
  153.00  0.0035 7.2e-13     7.8
  154.00  0.0038 6.9e-13     7.7
  155.00  0.0043 7.1e-13     7.7
  156.00  0.0049 7.5e-13     7.7
  157.00  0.0053 8.4e-13       8
  158.00   0.004 8.3e-13       8
  159.00  0.0019 6.2e-13     7.8
  160.00   0.002 5.1e-13     7.9
  161.00  0.0023 4.6e-13     7.7
  162.00  0.0026 4.6e-13     7.8
  163.00  0.0032 5.1e-13     7.8
  164.00  0.0043 5.9e-13     7.7
  165.00  0.0057 7.3e-13     7.7
  166.00  0.0067 9.5e-13       8
  167.00  0.0086 1.2e-12     7.9
  168.00   0.011 1.6e-12     7.8
  169.00   0.014 2.2e-12     7.8
  170.00   0.016   3e-12     7.9
  171.00   0.018 4.2e-12     7.8
  172.00   0.024 6.2e-12     7.8
  173.00   0.032 9.4e-12     7.7
  174.00   0.026 1.5e-11     7.6
  175.00   0.016 2.3e-11     7.6
  176.00   0.017 2.6e-11     7.5
  177.00   0.017 3.1e-11     7.6
  178.00   0.019 3.7e-11     7.6
  179.00    0.02 4.4e-11     7.7
  180.00   0.021 5.2e-11     7.6
  181.00   0.025 6.7e-11     7.6
  182.00   0.021 9.7e-11     7.5
  183.00   0.012 1.5e-10     7.4
  184.00 4.3e-05 2.5e-10     7.1
  185.00   5e-05 2.6e-10     7.1
  186.00 4.4e-05 3.1e-10       7
  187.00 4.6e-05 3.4e-10     7.1
  188.00 4.7e-05 3.8e-10     7.2
  189.00 5.6e-05 3.9e-10     7.1
  190.00 5.9e-05 4.3e-10     7.2
  191.00 6.9e-05 4.3e-10     7.3
  192.00   7e-05 4.9e-10     7.2
  193.00 5.7e-05 6.2e-10     7.1
  194.00 5.9e-05 6.8e-10     7.1
  195.00 7.3e-05 6.8e-10     7.2
  196.00 6.5e-05 8.2e-10     7.1
  197.00 7.9e-05 8.3e-10     7.1
  198.00   7e-05 9.9e-10     7.1
  199.00 7.3e-05 1.1e-09       7
  200.00 7.7e-05 1.2e-09       7
  201.00   8e-05 1.3e-09       7
  202.00 8.4e-05 1.5e-09     7.1
  203.00 8.7e-05 1.6e-09     7.1
  204.00 9.1e-05 1.8e-09     7.1
  205.00 9.5e-05 1.9e-09     7.2
  206.00 9.9e-05 2.1e-09       7
  207.00   1e-04 2.4e-09     6.9
  208.00 0.00011 2.6e-09     7.1
  209.00 0.00011 2.9e-09     7.1
  210.00 0.00012 3.2e-09     7.2
  211.00 0.00012 3.5e-09     7.1
  212.00 0.00013 3.9e-09     7.1
  213.00 0.00013 4.3e-09     7.1
  214.00 0.00014 4.7e-09     7.1
  215.00 0.00015 5.2e-09       7
  216.00 0.00015 5.7e-09       7
  217.00 0.00016 6.4e-09       7
  218.00 0.00016 4.5e-09       7
  219.00 0.00017   5e-09     7.1
  220.00 0.00018 5.6e-09       7
  221.00 0.00019 6.2e-09       7
  222.00 0.00019 6.9e-09       7
  223.00   2e-04 7.8e-09       7
  224.00 0.00021 8.7e-09     6.9
  225.00 0.00022 9.7e-09     6.9
  226.00 0.00023 1.1e-08     6.9
  227.00 0.00024 1.2e-08       7
  228.00 0.00025 1.4e-08     7.1
  229.00 0.00026 1.5e-08       7
  230.00 0.00027 1.7e-08     6.9
  231.00 0.00028 1.9e-08     6.9
  232.00   3e-04 2.2e-08       7
  233.00 0.00031 2.4e-08       7
  234.00 0.00032 2.7e-08     6.9
  235.00 0.00033   3e-08     6.9
  236.00 0.00035 3.4e-08     6.8
  237.00 0.00036 3.8e-08     6.8
  238.00 0.00038 4.3e-08     6.9
  239.00 0.00039 4.9e-08     6.9
  240.00 0.00041 5.5e-08     6.9
  241.00 0.00043 6.1e-08     6.9
  242.00 0.00045 5.5e-08     6.7
  243.00 0.00046 6.3e-08     6.7
  244.00 0.00048 7.1e-08     6.5
  245.00   5e-04 8.1e-08     6.5
  246.00 0.00052 9.2e-08     6.5
  247.00 0.00055   1e-07     6.6
  248.00 0.00057 4.4e-08     5.1
  249.00 0.00059 4.9e-08     5.1
  250.00 0.00062 5.6e-08     5.1
  251.00 0.00064 4.5e-08     4.8
  252.00 0.00067 5.1e-08     4.8
  253.00 0.00069 5.7e-08     4.8
  254.00 0.00072 6.4e-08     4.8
  255.00 0.00075 7.2e-08     4.8
  256.00 0.00078 8.2e-08     4.8
  257.00 0.00081 9.2e-08     4.8
  258.00 0.00084   1e-07     4.8
  259.00 0.00088 4.2e-08     3.4
  260.00 0.00091 4.8e-08     3.4
  261.00 0.00095 5.4e-08     3.4
  262.00 0.00099   6e-08     3.4
  263.00   0.001 6.8e-08     3.4
  264.00  0.0011 3.3e-08     2.6
  265.00  0.0011 3.7e-08     2.6
  266.00  0.0012 4.1e-08     2.6
  267.00  0.0012 4.5e-08     2.6
  268.00  0.0012 5.1e-08     2.6
  269.00  0.0013 5.7e-08     2.6
  270.00  0.0013 6.3e-08     2.6
  271.00  0.0014   7e-08     2.6
  272.00  0.0015 7.9e-08     2.6
  273.00  0.0015 8.8e-08     2.7
  274.00  0.0016 9.8e-08     2.6
  275.00  0.0016 1.1e-07     2.7
  276.00  0.0017 7.3e-08     1.8
  277.00  0.0018 2.1e-08    0.69
  278.00  0.0018 2.4e-08    0.69
  279.00  0.0019 2.6e-08    0.69
  280.00   0.002 2.9e-08    0.69
  281.00   0.002 3.2e-08     0.7
  282.00  0.0021 3.5e-08    0.72
  283.00  0.0022       0       0
  284.00  0.0023       0       0
  285.00  0.0024       0       0
  286.00  0.0025       0       0
  287.00  0.0025       0       0
  288.00  0.0026       0       0
  289.00  0.0027       0       0
  290.00  0.0028       0       0
  291.00  0.0029       0       0
  292.00   0.003       0       0
  293.00  0.0032       0       0
  294.00  0.0033       0       0
  295.00  0.0034       0       0
  296.00  0.0035       0       0
  297.00  0.0036       0       0
  298.00  0.0038       0       0
  299.00  0.0039       0       0
  300.00   0.004       0       0
  301.00  0.0042       0       0
  302.00  0.0043       0       0
  303.00  0.0045       0       0
  304.00  0.0046       0       0
  305.00  0.0048       0       0
  306.00   0.005       0       0
  307.00  0.0051       0       0
  308.00  0.0053       0       0
  309.00  0.0055       0       0
  310.00  0.0057       0       0
  311.00  0.0059       0       0
  312.00  0.0061       0       0
  313.00  0.0063       0       0
  314.00  0.0065       0       0
  315.00  0.0067       0       0
  316.00  0.0069       0       0
  317.00  0.0071       0       0
  318.00  0.0073       0       0
  319.00  0.0076       0       0
  320.00  0.0078       0       0
  321.00  0.0081       0       0
  322.00  0.0083       0       0
  323.00  0.0086       0       0
  324.00  0.0089       0       0
  325.00  0.0091       0       0
  326.00  0.0094       0       0
  327.00  0.0097       0       0
  328.00    0.01       0       0
  329.00    0.01       0       0
  330.00   0.011       0       0
  331.00   0.011       0       0
  332.00   0.011       0       0
  333.00   0.012       0       0
  334.00   0.012       0       0
  335.00   0.012       0       0
  336.00   0.013       0       0
  337.00   0.013       0       0
  338.00   0.013       0       0
  339.00   0.014       0       0
  340.00   0.014       0       0
  341.00   0.015       0       0
  342.00   0.015       0       0
  343.00   0.015       0       0
  344.00   0.016       0       0
  345.00   0.016       0       0
  346.00   0.017       0       0
  347.00   0.017       0       0
  348.00   0.017       0       0
  349.00   0.019       0       0
  350.00    0.02       0       0
  351.00    0.02       0       0
  352.00   0.021       0       0
  353.00 0.00089 5.7e-11     7.8
  354.00 2.6e-06 3.1e-12     7.7
  355.00 0.00027 1.6e-12     7.5
  356.00  0.0051 1.1e-12     7.7
  357.00  0.0054 9.8e-13     7.7
  358.00  0.0055 9.1e-13     7.6
  359.00  0.0064 9.3e-13     7.7
  360.00  0.0075   1e-12     7.6
  361.00  0.0089 1.1e-12     7.6
  362.00   0.011 1.3e-12     7.5
  363.00   0.013 1.6e-12     7.5
  364.00    0.01 1.8e-12     7.7
  365.00  0.0076 7.8e-13     7.6
  366.00  0.0073 7.7e-13     7.5
  367.00  0.0078 7.8e-13     7.5
  368.00  0.0083 8.1e-13     7.5
  369.00   0.008 8.7e-13     7.8
  370.00  0.0074 6.9e-13     7.8
  371.00  0.0075 2.5e-11     7.6
  372.00   0.008 2.6e-11     7.7
  373.00  0.0089 2.8e-11     7.6
  374.00  0.0085   3e-11     7.7
  375.00  0.0097 2.3e-11     7.7
  376.00   0.011 9.7e-13     7.6
  377.00  0.0055 3.1e-11       8
  378.00  0.0056 2.4e-11     7.7
  379.00  0.0055 2.2e-11     7.7
  380.00  0.0061 2.1e-11     7.8
  381.00  0.0078 2.2e-11     7.6
  382.00  0.0082 2.4e-11     7.8
  383.00  0.0094 2.7e-11     7.7
  384.00  0.0088   3e-11     7.8
  385.00 0.00028 1.5e-11     7.8
  386.00  0.0018  0.0019     7.9
  387.00   0.036 3.5e-13     3.5
  388.00    0.01 3.2e-13     7.7
  389.00 1.7e-07 2.7e-13     7.9
  390.00 1.7e-07 2.7e-13     7.6
  391.00   3e-04 2.9e-13     7.9
  392.00 0.00034 3.3e-13     7.8
  393.00 0.00033 3.4e-13     7.9
  394.00 0.00027 3.2e-13     7.8
  395.00 0.00031 3.4e-13     7.8
  396.00  0.0013 3.7e-13     7.8
  397.00  0.0014 3.9e-13       8
  398.00   0.012   0.085       7
  399.00 0.00034 7.1e-12     7.7
  400.00   4e-04 2.4e-13     7.7
  401.00  0.0016 2.6e-13     7.8
  402.00  0.0022   3e-13     7.7
  403.00  0.0028 3.6e-13     7.7
  404.00  0.0035 4.5e-13     7.7
  405.00  0.0039 5.5e-13     7.9
  406.00  0.0035 5.8e-13     7.9
  407.00   0.069    0.12    0.81
  408.00    0.11     2.2    0.33
  409.00    0.15    0.73     1.8
  410.00   0.071     0.2     5.2
  411.00   0.016    0.15     7.6
  412.00   0.013   0.067     7.2
  413.00  0.0017 3.2e-11     7.8
  414.00   0.007   0.049     7.5
  415.00    0.22     2.1    0.19
  416.00    0.22    0.57       1
  417.00    0.18     1.5    0.19
  418.00    0.15    0.39     1.1
  419.00   0.071    0.28     3.9
  420.00   0.021 0.00029     7.1
  421.00   0.004    0.02     7.8
  422.00   0.027    0.86     6.2
  423.00   0.012    0.25     7.8
  424.00   0.031    0.87       6
  425.00    0.09     1.8       3
  426.00   0.087     1.9     1.3
  427.00    0.16     1.6    0.61
  428.00    0.13     1.5     0.5
  429.00    0.22    0.23     1.2
  430.00    0.14     0.2     3.4
  431.00    0.12    0.55     0.5
  432.00    0.11    0.07     2.9
  433.00   0.085     0.3     4.1
  434.00     0.1    0.68     3.3
  435.00   0.086    0.31     6.8
  436.00    0.14     1.3    0.38
  437.00    0.17    0.27     2.3
  438.00    0.14    0.57    0.72
  439.00    0.16    0.53     2.7
  440.00    0.12    0.92     0.6
  441.00    0.12    0.41     3.6
  442.00    0.11    0.37     1.6
  443.00     0.1    0.25     2.8
  444.00   0.094   0.022     5.8
  445.00   0.034   0.023     7.5
  446.00   0.035    0.44     5.8
  447.00   0.071    0.84       4
  448.00    0.13     1.1    0.75
  449.00    0.12       1       1
  450.00    0.11    0.38     4.7
  451.00   0.077     0.1     5.9
  452.00   0.066    0.35     4.4
  453.00    0.08    0.46     3.7
  454.00    0.04   0.029     7.1
  455.00   0.063     0.8     1.2
  456.00     0.1    0.83     2.8
  457.00    0.11       1    0.55
  458.00    0.13    0.62     3.9
  459.00    0.12    0.33     2.4
  460.00   0.063   0.031     6.5
  461.00   0.061     0.3     5.5
  462.00   0.054    0.36     7.3
  463.00  0.0099 0.00012     7.9
  464.00  0.0014 1.3e-14     7.9
  465.00 0.00099  0.0014     7.8
  466.00  0.0098   0.061     7.5
  467.00    0.08     0.8     3.3
  468.00   0.084    0.65     6.7
  469.00   0.091    0.53     3.8
  470.00   0.091    0.76     3.1
  471.00   0.093    0.39       6
  472.00   0.036 0.00037     7.6
  473.00  0.0054 3.4e-06     7.9
  474.00   9e-04 1.4e-14     7.9
  475.00   2e-04 1.7e-14     7.8
  476.00   0.014    0.21     6.6
  477.00   0.025    0.47     5.9
  478.00   0.001 2.9e-09       8
  479.00   0.029    0.25     6.1
  480.00   0.066    0.97     3.1
  481.00   0.048    0.07     7.7
  482.00   0.002 6.2e-11     7.9
  483.00 0.00033 2.6e-14       8
  484.00  0.0045   0.052     7.5
  485.00  0.0033   0.033     7.8
  486.00  0.0058   0.083     7.3
  487.00   0.061    0.51     4.7
  488.00   0.021    0.17     7.9
  489.00  0.0011   7e-11       8
  490.00   0.092    0.46     4.6
  491.00  0.0058 1.9e-09     7.9
  492.00 0.00072 4.5e-14       8
  493.00 0.00035   5e-14     7.8
  494.00   3e-04 5.6e-14       8
  495.00    0.06    0.52     4.5
  496.00   0.026     0.1     7.8
  497.00   0.002 1.8e-11     7.8
  498.00  0.0025 4.9e-14     7.9
  499.00 0.00044 5.4e-14     8.1
  500.00 0.00035 6.1e-14     7.8
  501.00   6e-04 7.2e-14     7.9
  502.00  0.0015 8.6e-14       8
  503.00   0.002   1e-13     7.9
  504.00  0.0024 1.3e-13     7.9
  505.00  0.0027 1.6e-13     7.9
  506.00  0.0029 1.8e-13     7.8
  507.00   0.003 2.1e-13     7.9
  508.00  0.0034 2.4e-13       8
  509.00  0.0041 2.9e-13     7.9
  510.00   0.005 3.5e-13     7.9
  511.00   0.006 4.3e-13     7.9
  512.00  0.0062 5.4e-13     7.9
  513.00  0.0067 6.4e-13     7.8
  514.00  0.0043 6.6e-13     7.8
  515.00    0.19    0.31     1.6
  516.00    0.24  0.0067     4.5
  517.00    0.13 0.00042       7
  518.00    0.03 1.3e-05     7.9
  519.00  0.0041 1.9e-14       8
  520.00  0.0033 2.3e-14     7.9
  521.00 0.00067 2.9e-14     7.9
  522.00 0.00024 3.8e-14     7.9
  523.00   3e-04 4.6e-14       8
  524.00 0.00042 5.8e-14     8.1
  525.00 0.00053 7.5e-14     8.1
  526.00  0.0017 9.8e-14       8
  527.00  0.0024 1.3e-13     7.9
  528.00  0.0027 1.7e-13       8
  529.00  0.0026   2e-13     7.9
  530.00  0.0027 2.4e-13       8
  531.00  0.0031 2.9e-13       8
  532.00  0.0036 3.4e-13     7.9
  533.00   0.004 4.1e-13     8.1
  534.00  0.0049 4.9e-13       8
  535.00  0.0049 5.8e-13     7.9
  536.00  0.0044 6.2e-13     7.9
  537.00  0.0046 6.8e-13     7.9
  538.00  0.0052 7.5e-13     7.8
  539.00  0.0056 8.4e-13     7.7
  540.00   0.006 9.6e-13     7.9
  541.00  0.0064 1.1e-12     7.9
  542.00  0.0076 1.3e-12     7.7
  543.00  0.0089 1.5e-12     7.8
  544.00  0.0098 1.8e-12     7.9
  545.00   0.013 2.2e-12     7.7
  546.00   0.013 2.8e-12     7.9
  547.00   0.012 3.4e-12     7.8
  548.00  0.0012 2.8e-12     7.9
  549.00   2e-04 1.4e-12     7.8
  550.00 0.00054 8.5e-13     7.8
  551.00 0.00066 6.6e-13       8
  552.00  0.0019 6.1e-13       8
  553.00  0.0026 6.2e-13       8
  554.00  0.0033 6.9e-13       8
  555.00  0.0046 8.1e-13     7.7
  556.00  0.0057 9.9e-13     7.8
  557.00  0.0073 1.3e-12     7.8
  558.00  0.0085 1.6e-12     7.9
  559.00    0.01   2e-12       8
  560.00   0.012 2.6e-12     7.8
  561.00   0.016 3.5e-12     7.9
  562.00   0.019 4.7e-12     7.8
  563.00   0.021 6.7e-12     7.7
  564.00   0.026 9.7e-12     7.9
  565.00   0.026 1.5e-11     7.7
  566.00   0.019 2.6e-11     7.7
  567.00   0.013 4.6e-11     7.6
  568.00  0.0068 3.8e-11     7.8
  569.00  0.0061 1.6e-11     7.7
  570.00  0.0064 9.1e-12     7.8
  571.00  0.0049 6.2e-12     7.8
  572.00  0.0048   5e-12     7.9
  573.00  0.0057 4.5e-12     7.9
  574.00  0.0066 4.5e-12     7.9
  575.00  0.0077 4.8e-12       8
  576.00   0.011 5.4e-12     7.6
  577.00   0.012 6.4e-12     7.8
  578.00   0.016   8e-12     7.8
  579.00   0.019 1.1e-11     7.9
  580.00   0.024 1.5e-11     7.6
  581.00   0.032 2.1e-11     7.7
  582.00   0.042 3.4e-11     7.6
  583.00   0.034 5.9e-11     7.5
  584.00   0.019 1.4e-10     7.4
  585.00 0.00012 5.4e-10     7.3
  586.00 6.4e-05 8.6e-10       7
  587.00 6.7e-05 9.5e-10     7.1
  588.00   7e-05   1e-09       7
  589.00 7.3e-05 1.1e-09       7
  590.00 7.6e-05 1.3e-09     7.1
  591.00   8e-05 1.4e-09       7
  592.00 8.3e-05 1.5e-09     6.9
  593.00 8.7e-05 1.7e-09       7
  594.00   9e-05 1.8e-09     7.1
  595.00 9.4e-05   2e-09     7.2
  596.00 9.9e-05 2.2e-09       7
  597.00   1e-04 2.5e-09     6.9
  598.00 0.00011 2.7e-09     6.9
  599.00 0.00011   3e-09       7
  600.00 0.00012 3.3e-09     6.9
  601.00 0.00013 3.5e-09       7
  602.00 0.00013   4e-09     6.9
  603.00 0.00013 4.4e-09       7
  604.00 0.00014 4.9e-09       7
  605.00 0.00014 5.4e-09       7
  606.00 0.00015 5.9e-09       7
  607.00 0.00016 6.5e-09       7
  608.00 0.00016 4.7e-09       7
  609.00 0.00017 5.3e-09     6.9
  610.00 0.00018 5.9e-09     6.9
  611.00 0.00019 6.5e-09       7
  612.00 0.00019 7.3e-09       7
  613.00   2e-04 8.1e-09       7
  614.00 0.00021   9e-09     6.9
  615.00 0.00022   1e-08     7.1
  616.00 0.00023 1.1e-08       7
  617.00 0.00024 1.3e-08     6.8
  618.00 0.00025 1.4e-08     6.8
  619.00 0.00026 1.6e-08     6.8
  620.00 0.00027 1.7e-08     6.9
  621.00 0.00028   2e-08     6.9
  622.00 0.00029 2.2e-08     6.9
  623.00 0.00031 2.4e-08     6.8
  624.00 0.00032 2.7e-08     6.9
  625.00 0.00033 3.1e-08     6.9
  626.00 0.00035 2.3e-08     6.6
  627.00 0.00036 2.7e-08     6.7
  628.00 0.00038   3e-08     6.7
  629.00 0.00039 3.4e-08     6.6
  630.00 0.00041 3.9e-08     6.6
  631.00 0.00042 4.4e-08     6.6
  632.00 0.00044   5e-08     6.6
  633.00 0.00046 5.7e-08     6.6
  634.00 0.00048 6.5e-08     6.6
  635.00   5e-04 7.4e-08     6.6
  636.00 0.00052 8.4e-08     6.6
  637.00 0.00054 9.5e-08     6.5
  638.00 0.00056 1.1e-07     6.5
  639.00 0.00059 4.4e-08     5.2
  640.00 0.00061   5e-08     5.2
  641.00 0.00063 5.6e-08     5.2
  642.00 0.00066 6.3e-08       5
  643.00 0.00069 7.2e-08     5.1
  644.00 0.00072 8.1e-08     5.1
  645.00 0.00074 9.2e-08       5
  646.00 0.00077   1e-07       5
  647.00 0.00081 4.1e-08     3.7
  648.00 0.00084 4.6e-08     3.6
  649.00 0.00087 5.1e-08     3.6
  650.00 0.00091 5.7e-08     3.7
  651.00 0.00094 6.4e-08     3.6
  652.00 0.00098 7.2e-08     3.7
  653.00   0.001   8e-08     3.7
  654.00  0.0011 7.3e-08     3.4
  655.00  0.0011 3.6e-08     2.5
  656.00  0.0011   4e-08     2.5
  657.00  0.0012 4.5e-08     2.6
  658.00  0.0012   5e-08     2.6
  659.00  0.0013 5.6e-08     2.6
  660.00  0.0013 6.3e-08     2.6
  661.00  0.0014   7e-08     2.6
  662.00  0.0014 7.8e-08     2.6
  663.00  0.0015 8.8e-08     2.6
  664.00  0.0016 5.4e-08     1.8
  665.00  0.0016 5.9e-08     1.8
  666.00  0.0017 6.6e-08     1.8
  667.00  0.0017 7.2e-08     1.8
  668.00  0.0018   8e-08     1.8
  669.00  0.0019 8.8e-08     1.9
  670.00  0.0019   3e-08    0.67
  671.00   0.002 3.3e-08    0.68
  672.00  0.0021       0       0
  673.00  0.0022       0       0
  674.00  0.0023       0       0
  675.00  0.0023       0       0
  676.00  0.0024       0       0
  677.00  0.0025       0       0
  678.00  0.0026       0       0
  679.00  0.0027       0       0
  680.00  0.0028       0       0
  681.00  0.0029       0       0
  682.00   0.003       0       0
  683.00  0.0031       0       0
  684.00  0.0032       0       0
  685.00  0.0034       0       0
  686.00  0.0035       0       0
  687.00  0.0036       0       0
  688.00  0.0037       0       0
  689.00  0.0039       0       0
  690.00   0.004       0       0
  691.00  0.0041       0       0
  692.00  0.0043       0       0
  693.00  0.0044       0       0
  694.00  0.0046       0       0
  695.00  0.0047       0       0
  696.00  0.0049       0       0
  697.00  0.0051       0       0
  698.00  0.0052       0       0
  699.00  0.0054       0       0
  700.00  0.0056       0       0
  701.00  0.0058       0       0
  702.00   0.006       0       0
  703.00  0.0062       0       0
  704.00  0.0064       0       0
  705.00  0.0066       0       0
  706.00  0.0068       0       0
  707.00  0.0071       0       0
  708.00  0.0073       0       0
  709.00  0.0075       0       0
  710.00  0.0078       0       0
  711.00   0.008       0       0
  712.00  0.0083       0       0
  713.00  0.0085       0       0
  714.00  0.0088       0       0
  715.00  0.0091       0       0
  716.00  0.0093       0       0
  717.00  0.0096       0       0
  718.00  0.0099       0       0
  719.00    0.01       0       0
  720.00  0.0088       0       0
  721.00  0.0053 7.4e-08     3.7
  722.00   0.003 5.4e-11     7.8
  723.00  0.0036 9.8e-11     7.7
  724.00  0.0038 2.9e-10     7.7
  725.00  0.0068 1.9e-10     7.6
  726.00   0.008 1.6e-10     7.5
  727.00  0.0072 1.4e-10     7.7
  728.00  0.0085 1.4e-10     7.5
  729.00  0.0094 1.5e-10     7.6
  730.00   0.011 1.8e-10     7.5
  731.00   0.014 2.3e-10     7.5
  732.00   0.019 3.3e-10     7.6
  733.00   0.019 8.3e-11     7.5
  734.00   0.014 1.6e-10     7.5
  735.00    0.02 2.2e-10     7.5
  736.00  0.0033 8.5e-10     7.6
  737.00 0.00066 2.1e-08     4.5
  738.00 0.00062   2e-08     4.8
  739.00   0.012 2.4e-09     7.2
  740.00   0.018 5.1e-10     7.6
  741.00    0.02 3.4e-10     7.7
  742.00   0.023 3.1e-10     7.6
  743.00   0.024 3.3e-10     7.6
  744.00   0.026 4.6e-10     7.6
  745.00   0.023 6.5e-10     7.6
  746.00  0.0096 4.3e-10     7.5
  747.00  0.0099 2.3e-10     7.4
  748.00   0.011 1.6e-10     7.5
  749.00  0.0086 4.1e-11     7.8
  750.00   0.006 1.1e-11     7.6
  751.00  0.0013 5.8e-13     7.6
  752.00  0.0013 3.6e-13     7.6
  753.00  0.0012 2.9e-13     7.6
  754.00  0.0027 2.7e-13     7.6
  755.00  0.0025 2.4e-13     7.8
  756.00 0.00075 8.9e-12     7.8
  757.00  0.0023 7.4e-12     7.8
  758.00 0.00034 2.5e-12     8.1
  759.00    0.06    0.13     0.6
  760.00   0.027 4.7e-10     5.1
  761.00 0.00025 2.2e-13     7.8
  762.00 0.00043 2.4e-13     7.7
  763.00 0.00055 2.8e-13     7.8
  764.00 0.00058 3.2e-13       8
  765.00 0.00046   3e-13     7.9
  766.00 0.00048 3.1e-13     7.8
  767.00 0.00044 3.2e-13       8
  768.00 0.00041 3.2e-13       8
  769.00 0.00044 2.9e-13     7.8
  770.00   0.026     1.6     6.2
  771.00  0.0013 3.4e-08     7.9
  772.00 0.00038 1.3e-13       8
  773.00 8.2e-05  0.0072     8.2
  774.00   0.072     1.3    0.71
  775.00    0.05     1.8     4.8
  776.00   0.059     2.5     1.8
  777.00    0.12     2.4    0.24
  778.00   0.092     0.1     3.4
  779.00   0.052    0.25     3.5
  780.00   0.053    0.46     5.6
  781.00   0.076     1.1    0.26
  782.00   0.079    0.29     2.3
  783.00   0.055    0.23     4.1
  784.00   0.055    0.38     4.7
  785.00    0.13    0.49    0.94
  786.00   0.067    0.21     5.7
  787.00   0.087    0.78    0.72
  788.00   0.085    0.49     5.4
  789.00    0.07    0.33     2.2
  790.00   0.045   0.082     6.5
  791.00   0.066    0.86     1.4
  792.00    0.14    0.71     1.2
  793.00    0.14    0.34     3.6
  794.00   0.072  0.0062     6.4
  795.00   0.052    0.49       3
  796.00   0.036    0.21     6.9
  797.00   0.015   0.043     7.2
  798.00  0.0044  0.0012     7.9
  799.00   0.024    0.24     6.4
  800.00   0.082     0.4     5.2
  801.00   0.028    0.19     7.3
  802.00   0.017    0.15     7.3
  803.00   0.015    0.23     7.2
  804.00   0.015   0.021     7.7
  805.00   0.004  0.0043     7.9
  806.00 0.00057 1.3e-13     7.9
  807.00  0.0012 3.8e-14     7.8
  808.00  0.0014 4.7e-14     7.8
  809.00   0.043 5.3e-14     7.6
  810.00   0.077 4.7e-14       6
  811.00  0.0034 4.5e-14     7.8
  812.00   0.011 4.5e-14     7.8
  813.00   0.017  0.0098     7.7
  814.00  0.0011 2.5e-13     7.8
  815.00 0.00062 5.9e-14     7.8
  816.00   0.019    0.13       7
  817.00   0.076    0.68     4.6
  818.00   0.054    0.62     6.5
  819.00     0.1     1.2    0.79
  820.00    0.15     1.1     3.4
  821.00    0.16    0.41     1.6
  822.00    0.12    0.12     4.4
  823.00    0.11    0.59    0.51
  824.00    0.11    0.46     4.4
  825.00    0.09    0.22     4.7
  826.00   0.088    0.56     1.1
  827.00   0.087   0.023     4.5
  828.00   0.056    0.14     4.2
  829.00    0.18    0.43    0.39
  830.00    0.16    0.49     2.2
  831.00    0.12    0.89    0.56
  832.00    0.11     1.3    0.38
  833.00    0.16    0.69     2.8
  834.00    0.15    0.25    0.54
  835.00    0.12     0.1     3.5
  836.00   0.076    0.15     2.7
  837.00   0.064    0.78     2.3
  838.00    0.11    0.93     0.7
  839.00    0.15   0.088     2.8
  840.00   0.095  0.0092     6.6
  841.00    0.04 0.00069     7.7
  842.00   0.021   0.028     7.3
  843.00  0.0093  0.0077     7.9
  844.00    0.05    0.21     5.4
  845.00   0.012  0.0027     7.9
  846.00  0.0018 1.3e-13     8.1
  847.00 0.00061 1.7e-14     8.1
  848.00 0.00032 2.1e-14       8
  849.00 0.00026 2.5e-14     7.9
  850.00 0.00024   3e-14       8
  851.00   0.026    0.08     7.1
  852.00   0.036   0.026     7.7
  853.00   0.061    0.24     4.8
  854.00  0.0033 7.3e-10       8
  855.00 0.00068 2.9e-14     8.1
  856.00 0.00021 3.2e-14     8.1
  857.00 0.00032 3.6e-14       8
  858.00 0.00038 4.1e-14     8.1
  859.00   0.018     0.1       7
  860.00   0.004   0.031       8
  861.00   0.081     1.1     1.9
  862.00   0.014 1.4e-05     7.8
  863.00   0.026    0.15     6.5
  864.00    0.05   0.075       7
  865.00  0.0061  0.0053     7.9
  866.00 0.00053 3.4e-13     8.1
  867.00  0.0013 4.3e-14     8.1
  868.00 0.00053 5.1e-14       8
  869.00   0.045    0.26     5.8
  870.00   0.028  0.0014     7.9
  871.00  0.0015 6.9e-14       8
  872.00 0.00045 7.6e-14     7.9
  873.00 0.00049 8.4e-14     8.1
  874.00 0.00068 9.6e-14       8
  875.00  0.0016 1.1e-13     8.2
  876.00 0.00088   1e-04       8
  877.00  0.0021 1.5e-13       8
  878.00  0.0025 1.8e-13       8
  879.00  0.0029 2.1e-13       8
  880.00   0.052 2.3e-13     7.8
  881.00  0.0045 2.6e-13     8.1
  882.00  0.0032 2.9e-13     8.1
  883.00  0.0036 3.4e-13     8.2
  884.00  0.0049 4.1e-13     7.9
  885.00  0.0056 5.1e-13     8.1
  886.00   0.007 6.3e-13     7.9
  887.00  0.0054 7.4e-13     7.9
  888.00  0.0046 7.8e-13     8.1
  889.00  0.0042 7.8e-13     8.2
  890.00  0.0046 7.9e-13       8
  891.00   0.005 8.5e-13       8
  892.00  0.0059 9.6e-13       8
  893.00  0.0068 1.1e-12     8.1
  894.00  0.0078 1.3e-12     8.1
  895.00  0.0096 1.6e-12     8.1
  896.00   0.012   2e-12       8
  897.00   0.014 2.6e-12     7.9
  898.00   0.014 3.4e-12     7.8
  899.00   0.014 4.4e-12     7.9
  900.00   0.011 5.5e-12     8.1
  901.00  0.0092 5.5e-12     7.9
  902.00  0.0099 5.4e-12       8
  903.00   0.011 5.4e-12     7.9
  904.00   0.011 5.6e-12     8.1
  905.00   0.014 6.3e-12     7.9
  906.00   0.015 7.5e-12     7.9
  907.00   0.015 9.2e-12     7.9
  908.00   0.025 1.2e-11     7.8
  909.00   0.026 1.6e-11     7.9
  910.00   0.022 2.3e-11     7.7
  911.00   0.015 3.6e-11     7.7
  912.00 0.00083 6.9e-11     7.5
  913.00   4e-05 1.2e-10     7.4
  914.00 4.2e-05 1.3e-10     7.2
  915.00 4.3e-05 1.4e-10     7.3
  916.00 4.7e-05 1.4e-10     7.4
  917.00 4.9e-05 1.6e-10     7.5
  918.00 5.1e-05 1.7e-10     7.5
  919.00  0.0059 5.4e-11     7.7
  920.00  0.0019 1.6e-11     7.9
  921.00  0.0066 8.9e-12     7.8
  922.00  0.0063   6e-12       8
  923.00  0.0062 4.8e-12     7.8
  924.00  0.0063 4.3e-12     7.9
  925.00  0.0072 4.2e-12     7.8
  926.00  0.0081 4.4e-12     7.9
  927.00  0.0092 4.9e-12       8
  928.00   0.012 5.7e-12     7.8
  929.00   0.014 6.9e-12     7.8
  930.00   0.018 8.6e-12     7.8
  931.00   0.021 1.1e-11     7.8
  932.00   0.022 1.5e-11     7.9
  933.00   0.028 2.1e-11     7.9
  934.00   0.037 3.2e-11     7.8
  935.00    0.03 5.2e-11     7.6
  936.00   0.021   1e-10     7.6
  937.00   0.011   3e-10     7.4
  938.00 5.7e-05 6.8e-10     7.1
  939.00 5.8e-05 7.6e-10     7.1
  940.00   6e-05 8.3e-10     7.2
  941.00 6.3e-05 9.2e-10     7.1
  942.00 6.6e-05   1e-09     7.2
  943.00 6.9e-05 1.1e-09     7.1
  944.00 7.5e-05 1.2e-09     7.1
  945.00 7.5e-05 1.3e-09     7.1
  946.00 9.6e-05 1.3e-09     7.1
  947.00 8.2e-05 1.6e-09     7.1
  948.00 8.5e-05 1.8e-09     7.1
  949.00 8.9e-05   2e-09     7.1
  950.00 9.3e-05 2.2e-09     7.1
  951.00 9.7e-05 2.4e-09     6.9
  952.00   1e-04 2.6e-09     7.1
  953.00 0.00011 2.9e-09       7
  954.00 0.00011 3.2e-09     7.1
  955.00 0.00011 3.5e-09     7.1
  956.00 0.00012 3.8e-09     7.1
  957.00 0.00013 4.2e-09       7
  958.00 0.00013 4.7e-09     7.1
  959.00 0.00014 5.2e-09     7.2
  960.00 0.00014 5.7e-09     7.1
  961.00 0.00015 6.3e-09     7.1
  962.00 0.00015 4.6e-09     7.1
  963.00 0.00016 5.1e-09       7
  964.00 0.00017 5.7e-09       7
  965.00 0.00018 6.3e-09       7
  966.00 0.00018   7e-09       7
  967.00 0.00019 7.8e-09       7
  968.00   2e-04 8.7e-09     6.9
  969.00 0.00021 9.7e-09     6.8
  970.00 0.00022 1.1e-08     6.9
  971.00 0.00023 1.2e-08       7
  972.00 0.00024 1.3e-08     6.9
  973.00 0.00025 1.5e-08       7
  974.00 0.00026 1.7e-08       7
  975.00 0.00027 1.9e-08       7
  976.00 0.00028 2.1e-08       7
  977.00 0.00029 2.3e-08     6.9
  978.00   3e-04 1.7e-08     6.7
  979.00 0.00031 1.9e-08     6.7
  980.00 0.00033 2.2e-08     6.8
  981.00 0.00034 2.5e-08     6.8
  982.00 0.00036 2.8e-08     6.7
  983.00 0.00037 3.2e-08     6.8
  984.00 0.00039 3.6e-08     6.7
  985.00   4e-04 4.1e-08     6.6
  986.00 0.00042 4.7e-08     6.7
  987.00 0.00044 5.3e-08     6.8
  988.00 0.00045   6e-08     6.8
  989.00 0.00047 6.8e-08     6.7
  990.00 0.00049 7.8e-08     6.6
  991.00 0.00051 8.8e-08     6.6
  992.00 0.00053 3.1e-08     5.3
  993.00 0.00056 3.5e-08     5.3
  994.00 0.00058 3.9e-08     5.2
  995.00   6e-04 4.5e-08     5.2
  996.00 0.00063   5e-08     5.3
  997.00 0.00065 5.7e-08     5.3
  998.00 0.00068 6.5e-08     5.3
  999.00 0.00071 7.3e-08     5.2
 1000.00 0.00074 8.3e-08     5.3
 1001.00 0.00077 7.2e-08     4.9
 1002.00   8e-04 8.1e-08     4.9
 1003.00 0.00083 9.2e-08     4.9
 1004.00 0.00086   1e-07     4.8
 1005.00   9e-04 5.8e-08     3.7
 1006.00 0.00093 6.5e-08     3.7
 1007.00 0.00097 7.2e-08     3.8
 1008.00   0.001   4e-08     2.9
 1009.00  0.0011 4.4e-08     2.9
 1010.00  0.0011 4.9e-08       3
 1011.00  0.0011 5.4e-08       3
 1012.00  0.0012   6e-08       3
 1013.00  0.0012 6.7e-08       3
 1014.00  0.0013 5.4e-08     2.6
 1015.00  0.0013   6e-08     2.6
 1016.00  0.0014 6.7e-08     2.7
 1017.00  0.0014 7.4e-08     2.7
 1018.00  0.0015 8.3e-08     2.6
 1019.00 0.00091   3e-08     4.6
 1020.00 0.00086   3e-08     4.8
 1021.00   9e-04 3.4e-08     4.8
 1022.00 0.00093 1.2e-08     4.3
 1023.00 0.00097 1.3e-08     4.3
 1024.00   0.001 1.5e-08     4.3
 1025.00   0.001 1.6e-08     4.3
 1026.00  0.0011 1.8e-08     4.3
 1027.00  0.0011   2e-08     4.3
 1028.00  0.0012 2.2e-08     4.3
 1029.00  0.0012 2.5e-08     4.3
 1030.00  0.0013 2.7e-08     4.3
 1031.00  0.0013   3e-08     4.3
 1032.00  0.0014 3.4e-08     4.3
 1033.00  0.0014 3.7e-08     4.3
 1034.00  0.0015 4.1e-08     4.2
 1035.00  0.0015 4.6e-08     4.3
 1036.00  0.0016   5e-08     4.3
 1037.00  0.0017 5.6e-08     4.3
 1038.00  0.0017 6.2e-08     4.3
 1039.00  0.0018 3.8e-08     3.7
 1040.00  0.0019 4.2e-08     3.7
 1041.00  0.0019 4.6e-08     3.7
 1042.00   0.002 5.1e-08     3.7
 1043.00  0.0021 5.7e-08     3.7
 1044.00  0.0022 6.4e-08     3.7
 1045.00  0.0022 7.1e-08     3.7
 1046.00  0.0023 7.8e-08     3.6
 1047.00  0.0024 8.7e-08     3.7
 1048.00  0.0025 9.7e-08     3.6
 1049.00  0.0026 1.1e-07     3.6
 1050.00  0.0027 1.2e-07     3.7
 1051.00  0.0028   4e-08     1.9
 1052.00  0.0029 4.6e-08     1.9
 1053.00   0.003 5.2e-08     1.9
 1054.00  0.0031 5.9e-08     1.8
 1055.00  0.0032 6.7e-08     1.8
 1056.00  0.0033 7.6e-08     1.8
 1057.00  0.0034 8.6e-08     1.8
 1058.00  0.0029 2.1e-08     2.8
 1059.00  0.0015 1.5e-08     5.5
 1060.00  0.0012 9.9e-09     5.7
 1061.00  0.0013 1.1e-08     5.7
 1062.00  0.0013 1.2e-08     5.8
 1063.00  0.0014 1.3e-08     5.6
 1064.00  0.0014 1.4e-08     5.7
 1065.00  0.0014 1.4e-08     5.9
 1066.00  0.0047 5.3e-10     7.7
 1067.00  0.0071 7.6e-11     7.6
 1068.00  0.0056 4.7e-11     7.7
 1069.00  0.0057 3.8e-11     7.8
 1070.00   0.086    0.25    0.27
 1071.00   0.085 1.2e-12     2.2
 1072.00 0.00029 7.9e-13     7.8
 1073.00 0.00035 1.2e-12     7.7
 1074.00 0.00045 1.5e-12     8.1
 1075.00 5.3e-05 9.4e-13     7.9
 1076.00 0.00024 8.4e-13       8
 1077.00 0.00034 8.2e-13     7.7
 1078.00 0.00055 8.4e-13     7.8
 1079.00  0.0015 9.1e-13     7.9
 1080.00   4e-04 8.2e-13       8
 1081.00 0.00039 8.4e-13     7.8
 1082.00 0.00039   9e-13     8.2
 1083.00 4.8e-05   6e-13     7.9
 1084.00 2.4e-07 6.1e-13     7.9
 1085.00 0.00039 6.2e-13     7.9
 1086.00  0.0015 6.7e-13     7.8
 1087.00  0.0019 7.6e-13     7.9
 1088.00 0.00087   8e-13     8.1
 1089.00    0.03   0.048     7.3
 1090.00  0.0014 1.7e-11     7.9
 1091.00 0.00037 3.8e-13       8
 1092.00   5e-04 3.9e-13       8
 1093.00 0.00067 4.2e-13     7.9
 1094.00  0.0017 4.7e-13     7.9
 1095.00  0.0023 5.6e-13     7.8
 1096.00  0.0027 6.6e-13     7.9
 1097.00  0.0037 8.2e-13     7.7
 1098.00  0.0046   1e-12     7.8
 1099.00  0.0059 1.3e-12     7.7
 1100.00  0.0077 1.8e-12     7.7
 1101.00   0.021 2.3e-12     7.7
 1102.00  0.0072 2.8e-12     7.8
 1103.00   0.007 2.9e-12     7.7
 1104.00  0.0016 2.5e-12       8
 1105.00     0.4 3.7e-13    0.15
 1106.00    0.31   2e-13     3.1
 1107.00   0.013   2e-13     7.5
 1108.00  0.0011 2.2e-13     7.9
 1109.00 0.00056 2.6e-13     7.9
 1110.00 0.00042 2.5e-13     7.9
 1111.00     0.2    0.73    0.29
 1112.00    0.21    0.49     2.8
 1113.00    0.17    0.21    0.13
 1114.00   0.063    0.65       2
 1115.00    0.02    0.38     6.6
 1116.00  0.0025    0.14     7.7
 1117.00 0.00042   0.044     7.9
 1118.00 0.00011 4.4e-11     7.9
 1119.00   2e-04   2e-14     7.9
 1120.00 0.00029 2.5e-14     7.8
 1121.00 0.00031   3e-14     7.9
 1122.00 0.00032   0.023     7.9
 1123.00    0.15 2.2e-12       2
 1124.00   0.006 4.3e-14     7.5
 1125.00 0.00075 5.1e-14     7.8
 1126.00 0.00045 6.3e-14     7.7
 1127.00 0.00061   0.023     7.9
 1128.00   0.078     2.6     4.1
 1129.00  0.0041    0.46     7.8
 1130.00   6e-04   0.028     7.8
 1131.00 0.00097    0.43     7.6
 1132.00  0.0022     1.4     6.8
 1133.00    0.19     1.6    0.11
 1134.00   0.076     1.7     2.1
 1135.00    0.03     1.2     5.9
 1136.00  0.0027 2.4e-07     7.8
 1137.00 0.00035 2.1e-14     7.8
 1138.00 0.00033 2.6e-14     7.8
 1139.00 0.00047 3.1e-14     7.7
 1140.00 0.00042  0.0016     7.8
 1141.00    0.17     1.7    0.31
 1142.00   0.066    0.94    0.59
 1143.00   0.083    0.94       1
 1144.00    0.12    0.66    0.56
 1145.00    0.14    0.62       1
 1146.00    0.12    0.36       2
 1147.00    0.05    0.46     1.6
 1148.00   0.044    0.67     3.1
 1149.00   0.048    0.93     4.3
 1150.00    0.11    0.85     6.3
 1151.00    0.15     0.9     0.4
 1152.00   0.094    0.25     2.7
 1153.00   0.068    0.65     2.2
 1154.00   0.057    0.46     6.1
 1155.00    0.12    0.43    0.24
 1156.00    0.11    0.22       1
 1157.00   0.057    0.82    0.81
 1158.00   0.062     1.1     2.3
 1159.00   0.082    0.79    0.73
 1160.00    0.11    0.46     2.4
 1161.00   0.058    0.65     1.8
 1162.00   0.051    0.96     3.8
 1163.00   0.039    0.44     3.8
 1164.00   0.039    0.38     5.1
 1165.00    0.11    0.31    0.54
 1166.00    0.12    0.28     2.1
 1167.00   0.031    0.36     5.9
 1168.00   0.049    0.74     4.5
 1169.00   0.065     1.2     1.1
 1170.00   0.099    0.84    0.83
 1171.00   0.084    0.85    0.93
 1172.00   0.065    0.19     3.3
 1173.00   0.046    0.34     4.1
 1174.00   0.079    0.65     1.5
 1175.00     0.1    0.49     2.9
 1176.00   0.083    0.51     1.9
 1177.00    0.13    0.49     1.1
 1178.00    0.12    0.44     1.2
 1179.00    0.11    0.56     1.6
 1180.00   0.095    0.18     2.1
 1181.00   0.067    0.22     4.4
 1182.00   0.034    0.48     5.4
 1183.00    0.06    0.92    0.51
 1184.00    0.08    0.54     3.4
 1185.00   0.052    0.34       5
 1186.00    0.14     1.1       1
 1187.00    0.14       1     1.3
 1188.00    0.13    0.56     1.3
 1189.00    0.14    0.27       2
 1190.00     0.1    0.35    0.61
 1191.00    0.17    0.56    0.95
 1192.00     0.2    0.15     3.5
 1193.00    0.11    0.33     4.4
 1194.00   0.061  0.0099     7.1
 1195.00   0.021   0.057     7.3
 1196.00   0.009   0.086     7.6
 1197.00   0.018    0.29     5.8
 1198.00    0.12    0.66    0.22
 1199.00    0.15     0.2    0.25
 1200.00    0.15    0.27     1.6
 1201.00   0.057    0.82     1.4
 1202.00   0.048    0.32     5.9
 1203.00   0.065     0.3     4.6
 1204.00   0.023    0.24     7.3
 1205.00   0.021    0.35     5.5
 1206.00   0.026    0.53       6
 1207.00    0.11    0.22    0.86
 1208.00   0.053    0.42     1.3
 1209.00   0.035   0.093     4.5
 1210.00  0.0099    0.16     6.6
 1211.00   0.017    0.24       7
 1212.00   0.036    0.26     5.9
 1213.00   0.024    0.25     7.4
 1214.00   0.042    0.64     3.5
 1215.00   0.086    0.96     1.8
 1216.00   0.082    0.59     6.1
 1217.00    0.16    0.33     1.2
 1218.00    0.12    0.64       2
 1219.00   0.098   0.012     5.9
 1220.00   0.025 0.00047     7.8
 1221.00  0.0037   1e-05       8
 1222.00 0.00067 1.2e-14     7.9
 1223.00 0.00033 1.5e-14     8.1
 1224.00  0.0051 1.9e-14     7.9
 1225.00  0.0052    0.12     7.1
 1226.00 0.00026 1.6e-10     7.9
 1227.00 0.00032 3.2e-14       8
 1228.00 0.00042   4e-14     7.9
 1229.00  0.0013 4.9e-14     7.9
 1230.00  0.0016 9.5e-05       8
 1231.00  0.0066  0.0068     7.6
 1232.00  0.0035 3.6e-13     7.9
 1233.00 0.00069 8.2e-14     7.9
 1234.00    0.19   0.087     6.9
 1235.00   0.017 1.9e-11     7.9
 1236.00  0.0012   8e-14       8
 1237.00 0.00061 0.00027     7.9
 1238.00    0.11    0.95    0.98
 1239.00    0.11    0.52     1.4
 1240.00   0.092   0.033     3.4
 1241.00    0.03  0.0011     7.4
 1242.00   0.003   1e-05     7.9
 1243.00 0.00075 1.7e-14       8
 1244.00 0.00033 2.2e-14     8.1
 1245.00 0.00036 2.7e-14       8
 1246.00   0.001 3.4e-14       8
 1247.00  0.0013 4.4e-14       8
 1248.00  0.0019 5.7e-14     7.9
 1249.00  0.0023 7.5e-14       8
 1250.00  0.0028 9.8e-14       8
 1251.00  0.0036 1.3e-13     7.9
 1252.00  0.0043 1.7e-13     7.9
 1253.00  0.0052 2.2e-13     7.9
 1254.00  0.0062 2.9e-13     7.9
 1255.00   0.007 3.7e-13     7.9
 1256.00   0.008 4.6e-13     7.9
 1257.00  0.0083 5.7e-13       8
 1258.00  0.0088 6.8e-13     7.7
 1259.00  0.0035 6.5e-13     8.1
 1260.00  0.0015 6.2e-13     7.9
 1261.00   0.017    0.41     5.1
 1262.00 0.00052 1.9e-10     7.9
 1263.00   5e-04 1.9e-13     7.9
 1264.00 0.00071 1.7e-13     7.9
 1265.00 0.00082 1.7e-13     7.9
 1266.00   9e-04 1.8e-13     7.9
 1267.00  0.0021 1.9e-13     7.9
 1268.00  0.0026 2.2e-13     7.9
 1269.00  0.0033 2.6e-13     7.9
 1270.00  0.0041 3.2e-13     7.9
 1271.00  0.0047 3.9e-13       8
 1272.00  0.0058 4.9e-13       8
 1273.00  0.0073 6.2e-13     7.9
 1274.00  0.0087 7.7e-13     7.9
 1275.00   0.011 9.7e-13     7.9
 1276.00   0.011 1.2e-12       8
 1277.00   0.015 1.6e-12     7.8
 1278.00   0.016 2.1e-12     7.8
 1279.00   0.017 2.7e-12     7.7
 1280.00   0.014 3.4e-12       8
 1281.00  0.0091 3.6e-12     7.8
 1282.00  0.0079 3.3e-12     7.7
 1283.00  0.0063 2.9e-12     7.8
 1284.00  0.0065 2.6e-12     7.9
 1285.00  0.0083 2.7e-12     7.7
 1286.00    0.01 2.9e-12     7.8
 1287.00   0.011 3.4e-12     7.9
 1288.00   0.012 4.1e-12     7.9
 1289.00   0.012 5.2e-12     7.7
 1290.00   0.013 6.5e-12     7.8
 1291.00   0.013 8.3e-12     7.9
 1292.00   0.022 1.1e-11     7.6
 1293.00   0.022 1.3e-11     7.7
 1294.00   0.024 1.7e-11     7.7
 1295.00   0.028 2.2e-11     7.6
 1296.00   0.027 3.4e-11     7.7
 1297.00   0.021 5.1e-11     7.6
 1298.00  0.0028 3.2e-11     7.6
 1299.00  0.0089 1.7e-11     7.8
 1300.00  0.0011   8e-12       8
 1301.00  0.0011 4.7e-12     7.9
 1302.00  0.0045 3.4e-12     7.9
 1303.00  0.0046 2.9e-12     7.9
 1304.00  0.0054 2.8e-12     7.8
 1305.00  0.0066   3e-12     7.8
 1306.00  0.0079 3.3e-12     7.8
 1307.00  0.0093 3.9e-12     7.8
 1308.00   0.012 4.7e-12     7.9
 1309.00   0.014 5.8e-12     7.8
 1310.00   0.019 7.6e-12     7.6
 1311.00   0.022   1e-11     7.7
 1312.00   0.024 1.5e-11     7.7
 1313.00   0.038 2.2e-11     7.6
 1314.00   0.037 3.4e-11     7.9
 1315.00   0.029 5.5e-11     7.9
 1316.00   0.024 1.2e-10     7.6
 1317.00  0.0099 4.2e-10     7.4
 1318.00 6.7e-05 9.1e-10     7.1
 1319.00   7e-05   1e-09     7.1
 1320.00 7.3e-05 1.1e-09       7
 1321.00 7.7e-05 1.2e-09       7
 1322.00   8e-05 1.3e-09       7
 1323.00 8.3e-05 1.5e-09       7
 1324.00 8.7e-05 1.6e-09       7
 1325.00 9.1e-05 1.8e-09       7
 1326.00 9.5e-05   2e-09     7.1
 1327.00 9.9e-05 2.2e-09       7
 1328.00   1e-04 2.4e-09       7
 1329.00 0.00011 2.7e-09     6.9
 1330.00 0.00011   3e-09     7.1
 1331.00 0.00012 3.3e-09       7
 1332.00 0.00012 3.7e-09       7
 1333.00 0.00013   4e-09       7
 1334.00 0.00013 4.5e-09       7
 1335.00 0.00014   5e-09       7
 1336.00 0.00014 5.5e-09       7
 1337.00 0.00015 6.1e-09       7
 1338.00 0.00016 6.8e-09     7.1
 1339.00 0.00016 7.5e-09     6.9
 1340.00 0.00017 8.4e-09       7
 1341.00 0.00018 9.3e-09     6.9
 1342.00 0.00019   1e-08       7
 1343.00 0.00019 1.1e-08       7
 1344.00   2e-04 1.3e-08     6.9
 1345.00 0.00021 1.4e-08     6.9
 1346.00 0.00022 1.6e-08       7
 1347.00 0.00023 1.8e-08     6.9
 1348.00 0.00024   2e-08       7
 1349.00 0.00025 2.2e-08       7
 1350.00 0.00026   2e-08     6.9
 1351.00 0.00027 2.3e-08     6.9
 1352.00 0.00028 2.6e-08     6.8
 1353.00 0.00029   2e-08     6.7
 1354.00   3e-04 2.2e-08     6.6
 1355.00 0.00032 2.5e-08     6.5
 1356.00 0.00033 2.9e-08     6.7
 1357.00 0.00034 3.3e-08     6.7
 1358.00 0.00036 3.7e-08     6.7
 1359.00 0.00037 4.2e-08     6.6
 1360.00 0.00039 4.8e-08     6.7
 1361.00   4e-04 5.5e-08     6.4
 1362.00 0.00042 6.2e-08     6.6
 1363.00 0.00043 6.8e-08     6.6
 1364.00 0.00044 1.6e-08     5.5
 1365.00 0.00046 1.8e-08     5.5
 1366.00 0.00048   2e-08     5.6
 1367.00   5e-04 2.3e-08     5.6
 1368.00 0.00052 2.6e-08     5.6
 1369.00 0.00054 2.9e-08     5.6
 1370.00 0.00056 3.3e-08     5.6
 1371.00 0.00059 3.8e-08     5.6
 1372.00 0.00061 4.3e-08     5.6
 1373.00 0.00063 4.8e-08     5.5
 1374.00 0.00066 5.5e-08     5.4
 1375.00 0.00069 6.2e-08     5.6
 1376.00 0.00071   7e-08     5.6
 1377.00 0.00074 7.9e-08     5.6
 1378.00 0.00077   9e-08     5.6
 1379.00   8e-04   1e-07     5.5
 1380.00 0.00083 7.9e-08     4.8
 1381.00 0.00087 8.9e-08     4.9
 1382.00   9e-04   1e-07     4.9
 1383.00 0.00094 4.6e-08     3.7
 1384.00 0.00097 5.2e-08     3.7
 1385.00   0.001 5.8e-08     3.7
 1386.00  0.0011 3.6e-08     3.2
 1387.00  0.0011   4e-08     3.2
 1388.00  0.0011 4.4e-08     3.3
 1389.00  0.0012 4.9e-08     3.2
 1390.00  0.0012 5.4e-08     3.3
 1391.00  0.0013   6e-08     3.3
 1392.00  0.0013 6.7e-08     3.3
 1393.00  0.0014 7.4e-08     3.3
 1394.00  0.0014 8.2e-08     3.3
 1395.00  0.0015 9.1e-08     3.3
 1396.00  0.0015   1e-07     3.3
 1397.00  0.0016 1.1e-07     3.4
 1398.00  0.0017 1.2e-07     3.4
 1399.00  0.0017 6.4e-08       2
 1400.00  0.0018 3.9e-08     1.4
 1401.00  0.0018 4.3e-08     1.4
 1402.00  0.0019 4.8e-08     1.4
 1403.00   0.002 5.3e-08     1.4
 1404.00  0.0021 5.8e-08     1.4
 1405.00  0.0021 6.4e-08     1.4
 1406.00  0.0022   7e-08     1.4
 1407.00  0.0023       0       0
 1408.00  0.0024       0       0
 1409.00  0.0025       0       0
 1410.00  0.0026       0       0
 1411.00  0.0027       0       0
 1412.00  0.0027       0       0
 1413.00  0.0028       0       0
 1414.00  0.0029       0       0
 1415.00  0.0031       0       0
 1416.00  0.0032       0       0
 1417.00  0.0033       0       0
 1418.00  0.0034       0       0
 1419.00  0.0035       0       0
 1420.00  0.0036       0       0
 1421.00  0.0038       0       0
 1422.00  0.0039       0       0
 1423.00   0.004       0       0
 1424.00  0.0042       0       0
 1425.00  0.0043       0       0
 1426.00  0.0045       0       0
 1427.00  0.0046       0       0
 1428.00  0.0048       0       0
 1429.00  0.0049       0       0
 1430.00  0.0051       0       0
 1431.00  0.0053       0       0
 1432.00  0.0054       0       0
 1433.00  0.0056       0       0
 1434.00  0.0058       0       0
 1435.00   0.006       0       0
 1436.00  0.0062       0       0
 1437.00  0.0064       0       0
 1438.00  0.0066       0       0
 1439.00  0.0058       0       0
 1440.00   0.006       0       0
 1441.00  0.0062       0       0
 1442.00  0.0064       0       0
 1443.00  0.0066       0       0
 1444.00  0.0068       0       0
 1445.00   0.007       0       0
 1446.00  0.0073       0       0
 1447.00  0.0075       0       0
 1448.00  0.0077       0       0
 1449.00   0.008       0       0
 1450.00  0.0083       0       0
 1451.00  0.0085       0       0
 1452.00  0.0088       0       0
 1453.00  0.0091       0       0
 1454.00  0.0094       0       0
 1455.00  0.0096       0       0
 1456.00  0.0099       0       0
 1457.00    0.01       0       0
 1458.00   0.011       0       0
 1459.00   0.011       0       0
 1460.00   0.011       0       0
 1461.00  0.0019    0.63       6
 1462.00   8e-07 1.2e-09     7.8
 1463.00 4.3e-07 2.6e-12     7.9
 1464.00 0.00044 1.8e-12     7.7
 1465.00 0.00042   1e-12     7.6
 1466.00 0.00044   1e-12     7.8
 1467.00  0.0015   1e-12     7.7
 1468.00   4e-04   7e-13     7.8
 1469.00 3.8e-05 4.4e-13     7.8
 1470.00    0.03     0.7     6.2
 1471.00   0.045    0.79     1.1
 1472.00   0.025    0.42     6.3
 1473.00  0.0013 1.2e-08     7.8
 1474.00 0.00014 2.3e-14     7.7
 1475.00   1e-05 2.6e-14     7.8
 1476.00   0.005    0.22     7.3
 1477.00  0.0022   0.053     7.8
 1478.00 0.00025 0.00079     7.9
 1479.00 0.00029   0.065     7.9
 1480.00 0.00023 3.7e-11     7.7
 1481.00 0.00031 5.1e-14     7.8
 1482.00   0.002    0.56     7.1
 1483.00   0.014     0.1     7.4
 1484.00   0.038    0.14     6.7
 1485.00   0.014   0.044     7.7
 1486.00  0.0022 4.3e-12     7.7
 1487.00  0.0019   7e-04     7.9
 1488.00   0.026     1.2     5.9
 1489.00   0.097     2.3    0.72
 1490.00  0.0082 1.7e-06     7.5
 1491.00   0.014     0.1     6.9
 1492.00    0.14       2    0.24
 1493.00   0.087     1.4     2.9
 1494.00   0.083    0.26     2.1
 1495.00   0.043     0.2     6.6
 1496.00   0.048    0.44     3.8
 1497.00    0.12     1.2     0.3
 1498.00    0.13    0.19     1.4
 1499.00   0.068    0.14     3.4
 1500.00   0.018  0.0082     7.1
 1501.00   0.015   0.027     7.5
 1502.00   0.022    0.32     6.6
 1503.00  0.0039   0.019     7.8
 1504.00 0.00044  0.0053     7.9
 1505.00   0.059     1.4       1
 1506.00    0.12    0.66     2.3
 1507.00    0.12    0.32     3.2
 1508.00    0.12    0.76    0.72
 1509.00     0.1    0.99     3.1
 1510.00    0.11     0.8    0.81
 1511.00    0.16    0.74    0.47
 1512.00    0.15    0.53     1.4
 1513.00    0.15   0.054     3.3
 1514.00   0.083    0.14     3.9
 1515.00   0.056   0.087     6.8
 1516.00   0.035   0.068     6.8
 1517.00   0.062    0.27     2.4
 1518.00   0.069    0.29     6.5
 1519.00   0.073    0.26     4.9
 1520.00   0.069    0.59     1.9
 1521.00    0.09    0.36       6
 1522.00   0.091    0.87     1.1
 1523.00    0.12    0.73     2.2
 1524.00    0.12    0.56     1.8
 1525.00   0.097    0.45     3.1
 1526.00    0.11    0.44    0.86
 1527.00   0.099    0.47     2.9
 1528.00    0.13    0.49    0.55
 1529.00    0.13    0.47     2.3
 1530.00     0.1    0.24     2.5
 1531.00   0.075    0.12     4.7
 1532.00    0.14    0.17    0.46
 1533.00     0.1    0.57     1.2
 1534.00   0.082    0.92    0.46
 1535.00   0.092    0.77     2.9
 1536.00     0.1    0.68    0.36
 1537.00    0.13    0.41     1.9
 1538.00    0.11    0.41    0.67
 1539.00   0.099   0.078     3.3
 1540.00   0.068    0.23     2.8
 1541.00     0.1    0.19     1.7
 1542.00   0.088   0.072     4.5
 1543.00    0.09    0.31    0.49
 1544.00   0.083    0.18     3.4
 1545.00   0.046    0.27     4.1
 1546.00    0.11    0.79    0.48
 1547.00    0.14    0.39     1.8
 1548.00    0.13    0.11       3
 1549.00   0.083    0.13     3.8
 1550.00   0.035  0.0018     6.8
 1551.00   0.053    0.78    0.41
 1552.00   0.081    0.32     2.9
 1553.00   0.085    0.25     1.9
 1554.00   0.038   0.014     6.3
 1555.00   0.027    0.34     5.5
 1556.00    0.06    0.41     3.8
 1557.00   0.092    0.24     3.1
 1558.00   0.068    0.78    0.43
 1559.00   0.071    0.28     2.8
 1560.00   0.037   0.014     6.4
 1561.00   0.034    0.16     2.9
 1562.00   0.028    0.15     6.4
 1563.00   0.034    0.21     6.5
 1564.00   0.051    0.51     4.5
 1565.00   0.039    0.15     7.9
 1566.00   0.038    0.13     6.8
 1567.00   0.029    0.16     7.8
 1568.00   0.041    0.17     6.7
 1569.00   0.044    0.24     4.9
 1570.00   0.046    0.84     3.2
 1571.00   0.061    0.22     7.4
 1572.00   0.065    0.46     4.1
 1573.00    0.13    0.64    0.56
 1574.00    0.18    0.66    0.88
 1575.00    0.18    0.56     1.5
 1576.00    0.17    0.55     1.2
 1577.00     0.2     0.2     2.8
 1578.00    0.16    0.17       4
 1579.00    0.13    0.33     1.2
 1580.00    0.11    0.15     4.3
 1581.00   0.056   0.004     7.3
 1582.00   0.025   0.073     7.5
 1583.00   0.022    0.21     6.7
 1584.00   0.004 0.00033     8.1
 1585.00 0.00067 2.5e-06     8.3
 1586.00 0.00022 1.6e-14     8.3
 1587.00   3e-04  0.0013     8.3
 1588.00   0.001  0.0059     8.2
 1589.00 0.00016 4.3e-13     8.3
 1590.00 0.00028 3.7e-14     8.3
 1591.00  0.0011 4.7e-14     7.9
 1592.00  0.0012 5.8e-14     8.1
 1593.00  0.0015 7.2e-14     8.3
 1594.00  0.0017 8.8e-14     8.3
 1595.00   0.002 1.1e-13     8.4
 1596.00  0.0023 1.3e-13     8.3
 1597.00  0.0025 1.6e-13       8
 1598.00   0.013   4e-04     7.7
 1599.00   0.012   0.066     7.3
 1600.00 0.00088 1.3e-11       8
 1601.00  0.0015 1.2e-13     8.2
 1602.00    0.01 6.8e-07     8.1
 1603.00  0.0032  0.0028     8.4
 1604.00   0.062    0.12     6.3
 1605.00   0.077    0.25     5.2
 1606.00   0.048   0.098     7.4
 1607.00   0.026   0.018     7.5
 1608.00  0.0019   4e-12       8
 1609.00 0.00068 3.5e-14     7.7
 1610.00 0.00017   4e-14     8.1
 1611.00   0.035   0.049     7.3
 1612.00  0.0014 3.1e-11     8.1
 1613.00   0.011 2.3e-05     7.7
 1614.00  0.0027 6.3e-14     7.9
 1615.00 0.00045 7.3e-14     8.2
 1616.00 0.00031 8.6e-14     8.3
 1617.00 0.00043   1e-13     8.5
 1618.00 0.00029 1.2e-13     8.6
 1619.00 0.00043 1.4e-13     8.4
 1620.00  0.0014 1.6e-13     8.4
 1621.00   0.037    0.15     6.8
 1622.00  0.0018 1.6e-10     8.4
 1623.00 0.00048 1.7e-13     8.4
 1624.00  0.0018 1.7e-13     8.4
 1625.00 0.00052 1.9e-13     8.3
 1626.00 0.00048   2e-13     8.4
 1627.00  0.0016 2.2e-13     8.5
 1628.00  0.0021 2.5e-13     8.4
 1629.00  0.0026   3e-13     8.3
 1630.00  0.0028 3.5e-13     8.2
 1631.00  0.0022   4e-13     8.3
 1632.00  0.0032 4.6e-13       8
 1633.00  0.0035 5.3e-13       8
 1634.00  0.0044 6.1e-13     7.8
 1635.00  0.0051 7.2e-13     7.9
 1636.00  0.0056 8.6e-13     8.3
 1637.00   0.007 1.1e-12       8
 1638.00  0.0083 1.3e-12       8
 1639.00  0.0088 1.6e-12     8.4
 1640.00  0.0095   2e-12     8.3
 1641.00   0.013 2.5e-12       8
 1642.00   0.013 3.1e-12     8.4
 1643.00   0.003 2.3e-12     8.3
 1644.00  0.0028 1.5e-12     8.3
 1645.00  0.0029 1.2e-12     8.2
 1646.00   0.004 1.1e-12     7.6
 1647.00  0.0041 1.1e-12     8.2
 1648.00  0.0053 1.2e-12       8
 1649.00 0.00064   1e-12     8.3
 1650.00  0.0037   0.034       8
 1651.00 0.00034 5.5e-12     8.4
 1652.00 4.5e-05 1.9e-13     8.3
 1653.00   2e-04 1.7e-13     8.4
 1654.00 0.00021 1.7e-13     8.6
 1655.00 0.00032 1.9e-13     8.2
 1656.00 0.00052 2.1e-13     8.4
 1657.00 0.00072 2.5e-13     8.1
 1658.00  0.0018 2.9e-13       8
 1659.00  0.0025 3.6e-13     7.9
 1660.00  0.0029 4.5e-13     8.3
 1661.00   0.004 5.8e-13       8
 1662.00  0.0051 7.6e-13     7.9
 1663.00  0.0053 9.9e-13     8.2
 1664.00   0.001 1.2e-12     8.6
 1665.00  0.0012 1.4e-12     8.3
 1666.00  0.0039 1.6e-12     8.3
 1667.00  0.0056 1.8e-12       8
 1668.00  0.0064   2e-12     7.9
 1669.00  0.0077 2.3e-12     7.9
 1670.00   0.009 2.8e-12     7.9
 1671.00  0.0099 3.3e-12       8
 1672.00   0.012 4.1e-12       8
 1673.00   0.012   5e-12     8.4
 1674.00   0.015 6.5e-12     8.1
 1675.00    0.02 8.9e-12     7.9
 1676.00    0.02 1.3e-11     7.8
 1677.00   0.024 1.7e-11     8.2
 1678.00   0.034 2.9e-11     7.7
 1679.00   0.031 5.6e-11     7.5
 1680.00 4.6e-05 2.4e-10     7.1
 1681.00 3.7e-05 2.9e-10       7
 1682.00 3.8e-05 3.1e-10       7
 1683.00 4.4e-05 3.2e-10     7.2
 1684.00 4.2e-05 3.8e-10     7.2
 1685.00 4.3e-05 4.1e-10     7.2
 1686.00 4.5e-05 4.5e-10     7.2
 1687.00 4.7e-05   5e-10     7.3
 1688.00 4.9e-05 5.5e-10     7.3
 1689.00 5.2e-05   6e-10     7.2
 1690.00 5.4e-05 6.6e-10     7.1
 1691.00 5.6e-05 7.2e-10     7.1
 1692.00 5.9e-05 7.9e-10     7.2
 1693.00 6.1e-05 8.7e-10     7.2
 1694.00 6.4e-05 9.5e-10     7.1
 1695.00 6.7e-05   1e-09     7.1
 1696.00   7e-05 1.2e-09     7.4
 1697.00 9.1e-05   1e-09     7.7
 1698.00 7.6e-05 1.4e-09     7.1
 1699.00 7.9e-05 1.5e-09     7.2
 1700.00 8.3e-05 1.7e-09     7.5
 1701.00 8.7e-05 1.9e-09     7.5
 1702.00   9e-05   2e-09     7.2
 1703.00 9.4e-05 2.2e-09     7.1
 1704.00 9.8e-05 2.5e-09     7.1
 1705.00   1e-04 2.7e-09     6.9
 1706.00 0.00011   3e-09     6.9
 1707.00 0.00011 3.3e-09     7.3
 1708.00 0.00012 3.6e-09       7
 1709.00 0.00012   4e-09     7.1
 1710.00 0.00013 4.4e-09       7
 1711.00 0.00013 4.9e-09     7.1
 1712.00 0.00014 5.4e-09     6.9
 1713.00 0.00014 5.9e-09       7
 1714.00 0.00015 6.5e-09     7.1
 1715.00 0.00016 7.2e-09     7.2
 1716.00 0.00016 5.5e-09     7.1
 1717.00 0.00017 6.1e-09     7.1
 1718.00 0.00018 6.8e-09       7
 1719.00 0.00019 7.5e-09       7
 1720.00 0.00019 8.4e-09       7
 1721.00   2e-04 9.3e-09       7
 1722.00 0.00021   1e-08       7
 1723.00 0.00022 1.2e-08     6.9
 1724.00 0.00023 1.3e-08     6.9
 1725.00 0.00024 1.4e-08       7
 1726.00 0.00025 1.6e-08     6.9
 1727.00 0.00026 1.8e-08       7
 1728.00 0.00027 1.2e-08     6.8
 1729.00 0.00028 1.3e-08     6.8
 1730.00 0.00029 1.5e-08     6.7
 1731.00 0.00031 1.7e-08     6.7
 1732.00 0.00032 1.9e-08     6.8
 1733.00 0.00033 2.2e-08     6.7
 1734.00 0.00035 2.5e-08     7.1
 1735.00 0.00036 2.8e-08     6.7
 1736.00 0.00038 3.2e-08     6.7
 1737.00 0.00039 3.7e-08     6.7
 1738.00 0.00041 4.2e-08     7.1
 1739.00 0.00042 4.8e-08     6.7
 1740.00 0.00044 5.4e-08     6.7
 1741.00 0.00046 6.1e-08     6.6
 1742.00 0.00048   7e-08     6.4
 1743.00   5e-04 7.9e-08     6.4
 1744.00 0.00052   9e-08     6.5
 1745.00 0.00054 3.2e-08     5.2
 1746.00 0.00056 3.6e-08     5.2
 1747.00 0.00059 4.1e-08     5.3
 1748.00 0.00061 4.6e-08     5.2
 1749.00 0.00064 5.2e-08     5.2
 1750.00 0.00066 5.9e-08     5.2
 1751.00 0.00069 6.7e-08     5.2
 1752.00 0.00072 7.6e-08     5.2
 1753.00 0.00075 8.6e-08     5.1
 1754.00 0.00078 7.6e-08     4.9
 1755.00 0.00081 8.6e-08     4.9
 1756.00 0.00084 9.7e-08     4.9
 1757.00 0.00087 5.2e-08     3.9
 1758.00 0.00091 5.8e-08     3.9
 1759.00 0.00094 6.5e-08     3.9
 1760.00 0.00098 7.3e-08     3.7
 1761.00   0.001   4e-08     2.9
 1762.00  0.0011 4.4e-08       3
 1763.00  0.0011 4.9e-08       3
 1764.00  0.0011 5.4e-08     3.1
 1765.00  0.0012   6e-08       3
 1766.00  0.0012 6.7e-08     3.1
 1767.00  0.0013 7.4e-08     3.1
 1768.00  0.0013 6.1e-08     2.7
 1769.00  0.0061 2.2e-10     7.9
 1770.00 6.7e-05 4.1e-11     8.1
 1771.00  0.0024 1.8e-11       8
 1772.00  0.0032 1.1e-11     7.9
 1773.00  0.0033 9.3e-12     8.2
 1774.00  0.0045 9.1e-12     7.7
 1775.00  0.0051 9.5e-12       8
 1776.00  0.0062 1.1e-11       8
 1777.00  0.0072 1.3e-11     8.2
 1778.00  0.0089 1.5e-11     8.1
 1779.00   0.012 1.8e-11     7.8
 1780.00   0.015 2.4e-11     7.8
 1781.00   0.018 3.3e-11     7.9
 1782.00   0.023 5.1e-11     7.7
 1783.00   0.034 7.8e-11     7.5
 1784.00   0.032 1.3e-10     7.8
 1785.00   0.018 2.7e-10     7.4
 1786.00  0.0041 4.8e-10     7.7
 1787.00  0.0057   9e-10     7.6
 1788.00  0.0099 8.5e-10     7.8
 1789.00   0.011 9.3e-10     7.9
 1790.00 0.00045 1.3e-09     7.6
 1791.00 5.8e-05 2.1e-09     7.4
 1792.00 6.1e-05 2.3e-09       7
 1793.00 6.3e-05 2.5e-09     6.9
 1794.00 6.6e-05 6.9e-10     6.9
 1795.00 6.9e-05 7.6e-10     7.2
 1796.00 7.2e-05 8.3e-10     6.9
 1797.00 7.5e-05 9.2e-10     6.8
 1798.00 7.9e-05   1e-09     7.1
 1799.00 8.2e-05 1.1e-09     7.2
 1800.00 8.6e-05 1.2e-09       7
 1801.00   9e-05 1.4e-09     6.8
 1802.00 9.4e-05 1.5e-09     6.8
 1803.00 9.8e-05 1.7e-09     6.7
 1804.00   1e-04 1.8e-09       7
 1805.00 0.00011   2e-09     6.8
 1806.00 0.00011 2.2e-09     6.8
 1807.00 0.00012 2.5e-09     6.9
 1808.00 0.00012   8e-10       7
 1809.00 0.00013 9.1e-10     6.9
 1810.00 0.00013   1e-09     7.4
 1811.00 0.00014 1.2e-09     7.4
 1812.00 0.00015 1.3e-09     7.3
 1813.00 0.00015 1.5e-09     7.3
 1814.00 0.00015 1.6e-09     7.2
 1815.00 0.00016 1.8e-09     7.1
 1816.00 0.00017 2.1e-09     7.2
 1817.00 0.00017 2.4e-09     7.3
 1818.00 0.00018 2.7e-09     7.3
 1819.00 0.00019 3.1e-09       7
 1820.00   2e-04 3.5e-09     6.9
 1821.00 0.00021   4e-09     7.1
 1822.00 0.00022 4.5e-09     6.8
 1823.00 0.00023 5.1e-09     6.7
 1824.00 0.00023 5.8e-09     6.7
 1825.00 0.00025 6.7e-09     6.7
 1826.00 0.00026 7.6e-09     6.7
 1827.00 0.00027 8.6e-09     6.7
