2016a202Edson   Queiroz Braco          1,       EngRev,     0.87
JDAY    Cin (mg/L)
----    PO4     CLO     DO
       1    0.00      90       8
       2    1.40      90       8
       3    0.00      90       8
       4    0.00      90       8
       5    0.00      90       8
       6    1.40      90       8
       7    0.00      90       8
       8    0.00      90       8
       9    1.40      90       8
      10    1.40      90       8
      11    1.40      90       8
      12    0.00      90       8
      13    1.40      90       8
      14    1.40      90       8
      15    0.00      90       8
      16    1.40      90       8
      17    1.40      90       8
      18    1.40      90       8
      19    0.00      90       8
      20    0.34      90       8
      21    0.37      90       8
      22    1.40      90       8
      23    0.27      90       8
      24    0.30      90       8
      25    0.27      90       8
      26    0.31      90       8
      27    0.40      90       8
      28    0.40      90       8
      29    0.48      90       8
      30    1.32      90       8
      31    0.67      90       8
      32    1.47      90       8
      33    0.69      90       8
      34    1.46      90       8
      35    1.46      90       8
      36    1.46      90       8
      37    1.46      90       8
      38    0.00      90       8
      39    1.47      90       8
      40    1.47      90       8
      41    0.00      90       8
      42    0.00      90       8
      43    1.47      90       8
      44    1.47      90       8
      45    0.00      90       8
      46    0.00      90       8
      47    1.47      90       8
      48    0.00      90       8
      49    0.00      90       8
      50    0.00      90       8
      51    0.00      90       8
      52    0.00      90       8
      53    0.00      90       8
      54    1.48      90       8
      55    1.48      90       8
      56    0.00      90       8
      57    1.48      90       8
      58    0.00      90       8
      59    0.00      90       8
      60    0.00      90       8
      61    1.66      90       8
      62    0.00      90       8
      63    0.00      90       8
      64    0.00      90       8
      65    0.00      90       8
      66    1.66      90       8
      67    0.00      90       8
      68    0.00      90       8
      69    0.00      90       8
      70    1.67      90       8
      71    1.67      90       8
      72    0.00      90       8
      73    1.67      90       8
      74    1.67      90       8
      75    0.00      90       8
      76    0.00      90       8
      77    0.00      90       8
      78    1.67      90       8
      79    0.00      90       8
      80    0.00      90       8
      81    0.00      90       8
      82    1.68      90       8
      83    0.00      90       8
      84    0.00      90       8
      85    0.00      90       8
      86    0.00      90       8
      87    0.00      90       8
      88    1.68      90       8
      89    0.52      90       8
      90    1.68      90       8
      91    0.74      90       8
      92    0.73      90       8
      93    0.73      90       8
      94    1.63      90       8
      95    1.63      90       8
      96    1.63      90       8
      97    0.29      90       8
      98    0.28      90       8
      99    0.28      90       8
     100    0.36      90       8
     101    0.71      90       8
     102    0.50      90       8
     103    1.58      90       8
     104    0.70      90       8
     105    1.58      90       8
     106    1.58      90       8
     107    1.58      90       8
     108    0.00      90       8
     109    1.58      90       8
     110    1.58      90       8
     111    0.00      90       8
     112    1.58      90       8
     113    1.58      90       8
     114    0.00      90       8
     115    1.59      90       8
     116    0.00      90       8
     117    0.00      90       8
     118    0.00      90       8
     119    0.00      90       8
     120    0.00      90       8
     121    0.00      90       8
     122    1.61      90       8
     123    1.61      90       8
     124    0.71      90       8
     125    1.61      90       8
     126    0.00      90       8
     127    0.00      90       8
     128    1.61      90       8
     129    0.00      90       8
     130    0.71      90       8
     131    0.00      90       8
     132    1.61      90       8
     133    0.00      90       8
     134    1.61      90       8
     135    0.00      90       8
     136    1.61      90       8
     137    0.00      90       8
     138    0.00      90       8
     139    1.61      90       8
     140    0.00      90       8
     141    0.00      90       8
     142    1.61      90       8
     143    0.00      90       8
     144    0.00      90       8
     145    0.00      90       8
     146    1.62      90       8
     147    0.00      90       8
     148    0.00      90       8
     149    1.62      90       8
     150    0.00      90       8
     151    1.62      90       8
     152    0.72      90       8
     153    1.52      90       8
     154    0.00      90       8
     155    1.52      90       8
     156    0.00      90       8
     157    1.52      90       8
     158    0.00      90       8
     159    0.00      90       8
     160    0.00      90       8
     161    0.00      90       8
     162    1.53      90       8
     163    0.00      90       8
     164    1.53      90       8
     165    0.00      90       8
     166    0.00      90       8
     167    0.00      90       8
     168    1.53      90       8
     169    0.00      90       8
     170    0.00      90       8
     171    0.00      90       8
     172    0.00      90       8
     173    1.53      90       8
     174    0.00      90       8
     175    0.00      90       8
     176    0.00      90       8
     177    1.36      90       8
     178    0.00      90       8
     179    0.00      90       8
     180    0.00      90       8
     181    0.00      90       8
     182    0.00      90       8
     183    0.00      90       8
     184    0.00      90       8
     185    0.00      90       8
     186    0.00      90       8
     187    0.00      90       8
     188    0.00      90       8
     189    0.00      90       8
     190    0.66      90       8
     191    1.22      90       8
     192    0.00      90       8
     193    0.00      90       8
     194    0.00      90       8
     195    1.22      90       8
     196    0.00      90       8
     197    0.00      90       8
     198    0.00      90       8
     199    0.00      90       8
     200    1.22      90       8
     201    0.00      90       8
     202    1.22      90       8
     203    0.00      90       8
     204    0.00      90       8
     205    0.00      90       8
     206    0.00      90       8
     207    0.00      90       8
     208    0.00      90       8
     209    0.00      90       8
     210    0.00      90       8
     211    1.23      90       8
     212    0.00      90       8
     213    0.00      90       8
     214    0.00      90       8
     215    0.00      90       8
     216    0.00      90       8
     217    0.00      90       8
     218    0.00      90       8
     219    0.00      90       8
     220    1.14      90       8
     221    0.00      90       8
     222    0.00      90       8
     223    0.00      90       8
     224    0.00      90       8
     225    0.00      90       8
     226    0.00      90       8
     227    0.00      90       8
     228    0.00      90       8
     229    0.00      90       8
     230    0.00      90       8
     231    0.00      90       8
     232    1.15      90       8
     233    0.00      90       8
     234    0.00      90       8
     235    1.15      90       8
     236    0.00      90       8
     237    0.00      90       8
     238    0.00      90       8
     239    0.00      90       8
     240    0.00      90       8
     241    0.00      90       8
     242    0.00      90       8
     243    0.00      90       8
     244    0.00      90       8
     245    1.38      90       8
     246    1.38      90       8
     247    1.38      90       8
     248    1.38      90       8
     249    1.38      90       8
     250    1.38      90       8
     251    1.38      90       8
     252    1.38      90       8
     253    1.38      90       8
     254    1.38      90       8
     255    1.38      90       8
     256    1.38      90       8
     257    1.38      90       8
     258    1.37      90       8
     259    1.37      90       8
     260    1.37      90       8
     261    1.37      90       8
     262    1.37      90       8
     263    1.37      90       8
     264    9.68      90       8
     265    9.68      90       8
     266    9.68      90       8
     267    9.48      90       8
     268    9.48      90       8
     269    9.48      90       8
     270    9.48      90       8
     271    9.48      90       8
     272    9.29      90       8
     273    9.29      90       8
     274    9.29      90       8
     275    8.45      90       8
     276    8.45      90       8
     277    8.45      90       8
     278    8.45      90       8
     279    8.45      90       8
     280    8.30      90       8
     281    8.30      90       8
     282    8.30      90       8
     283    8.30      90       8
     284    8.16      90       8
     285    8.16      90       8
     286    8.16      90       8
     287    8.16      90       8
     288    8.16      90       8
     289    8.02      90       8
     290    8.02      90       8
     291    8.02      90       8
     292    8.02      90       8
     293    7.89      90       8
     294    7.89      90       8
     295    7.89      90       8
     296    7.89      90       8
     297    7.89      90       8
     298    7.76      90       8
     299    7.76      90       8
     300    7.76      90       8
     301    7.76      90       8
     302    7.76      90       8
     303    7.63      90       8
     304    7.63      90       8
     305    7.63      90       8
     306    8.30      90       8
     307    8.30      90       8
     308    8.30      90       8
     309    8.16      90       8
     310    8.16      90       8
     311    8.16      90       8
     312    8.16      90       8
     313    8.16      90       8
     314    8.02      90       8
     315    8.02      90       8
     316    8.02      90       8
     317    8.02      90       8
     318    7.89      90       8
     319    7.89      90       8
     320    7.89      90       8
     321    0.00      90       8
     322    7.76      90       8
     323    7.63      90       8
     324    7.63      90       8
     325    7.63      90       8
     326    7.63      90       8
     327    7.51      90       8
     328    7.51      90       8
     329    7.51      90       8
     330    7.51      90       8
     331    7.51      90       8
     332    7.40      90       8
     333    7.40      90       8
     334    7.40      90       8
     335    7.40      90       8
     336    9.88      90       8
     337    9.88      90       8
     338    9.68      90       8
     339    9.68      90       8
     340    9.68      90       8
     341    9.68      90       8
     342    9.48      90       8
     343    9.48      90       8
     344    9.48      90       8
     345    9.48      90       8
     346    9.29      90       8
     347    9.29      90       8
     348    9.29      90       8
     349    9.11      90       8
     350    9.11      90       8
     351    9.11      90       8
     352    9.11      90       8
     353    8.93      90       8
     354    8.93      90       8
     355    8.93      90       8
     356    1.22      90       8
     357    8.93      90       8
     358    8.77      90       8
     359    1.22      90       8
     360    8.77      90       8
     361    1.22      90       8
     362    8.77      90       8
     363    1.23      90       8
     364    8.77      90       8
     365    1.23      90       8
     366    8.61      90       8
     367    0.00      90       8
     368    0.00      90       8
     369    0.00      90       8
     370    0.00      90       8
     371    0.00      90       8
     372    0.00      90       8
     373    0.00      90       8
     374    0.00      90       8
     375    0.00      90       8
     376    0.00      90       8
     377  285.18      90       8
     378  285.18      90       8
     379  285.18      90       8
     380  152.83      90       8
     381  152.83      90       8
     382    1.38      90       8
     383  152.83      90       8
     384    1.38      90       8
     385  106.10      90       8
     386    1.38      90       8
     387  106.10      90       8
     388    0.47      90       8
     389    1.38      90       8
     390  152.83      90       8
     391    1.38      90       8
     392  106.10      90       8
     393    1.38      90       8
     394  106.10      90       8
     395  106.10      90       8
     396   81.90      90       8
     397   81.90      90       8
     398    0.00      90       8
     399    0.00      90       8
     400    0.00      90       8
     401    1.49      90       8
     402    0.00      90       8
     403    0.00      90       8
     404    0.00      90       8
     405    1.50      90       8
     406    1.50      90       8
     407    0.31      90       8
     408    0.28      90       8
     409    0.55      90       8
     410    1.44      90       8
     411    0.76      90       8
     412    0.00      90       8
     413    1.44      90       8
     414    0.33      90       8
     415    1.43      90       8
     416    1.43      90       8
     417    0.39      90       8
     418    1.43      90       8
     419    0.00      90       8
     420    1.43      90       8
     421    0.39      90       8
     422    1.43      90       8
     423    1.43      90       8
     424    1.43      90       8
     425    0.75      90       8
     426    1.56      90       8
     427    0.35      90       8
     428    0.42      90       8
     429    0.27      90       8
     430    0.28      90       8
     431    0.29      90       8
     432    0.32      90       8
     433    0.48      90       8
     434    0.48      90       8
     435    0.31      90       8
     436    0.33      90       8
     437    0.30      90       8
     438    0.29      90       8
     439    0.47      90       8
     440    0.35      90       8
     441    0.37      90       8
     442    0.35      90       8
     443    0.30      90       8
     444    0.28      90       8
     445    0.29      90       8
     446    0.27      90       8
     447    0.29      90       8
     448    0.39      90       8
     449    0.38      90       8
     450    0.29      90       8
     451    0.27      90       8
     452    0.27      90       8
     453    0.27      90       8
     454    0.27      90       8
     455    0.27      90       8
     456    0.28      90       8
     457    0.28      90       8
     458    0.28      90       8
     459    0.27      90       8
     460    0.31      90       8
     461    0.35      90       8
     462    1.03      90       8
     463    0.46      90       8
     464    0.46      90       8
     465    0.46      90       8
     466    0.31      90       8
     467    1.02      90       8
     468    0.46      90       8
     469    0.35      90       8
     470    0.29      90       8
     471    0.35      90       8
     472    0.46      90       8
     473    1.02      90       8
     474    1.02      90       8
     475    0.46      90       8
     476    0.46      90       8
     477    1.02      90       8
     478    0.46      90       8
     479    0.46      90       8
     480    0.46      90       8
     481    1.02      90       8
     482    1.02      90       8
     483    1.02      90       8
     484    1.02      90       8
     485    0.00      90       8
     486    1.02      90       8
     487    1.02      90       8
     488    1.02      90       8
     489    1.02      90       8
     490    1.02      90       8
     491    1.02      90       8
     492    1.02      90       8
     493    0.00      90       8
     494    1.03      90       8
     495    1.03      90       8
     496    0.00      90       8
     497    1.03      90       8
     498    0.00      90       8
     499    1.03      90       8
     500    1.03      90       8
     501    0.00      90       8
     502    1.03      90       8
     503    0.00      90       8
     504    1.03      90       8
     505    0.00      90       8
     506    1.03      90       8
     507    0.00      90       8
     508    0.00      90       8
     509    0.00      90       8
     510    0.00      90       8
     511    0.00      90       8
     512    1.03      90       8
     513    0.00      90       8
     514    0.46      90       8
     515    1.03      90       8
     516    1.03      90       8
     517    1.03      90       8
     518    0.00      90       8
     519    0.00      90       8
     520    0.95      90       8
     521    0.00      90       8
     522    0.00      90       8
     523    0.96      90       8
     524    0.00      90       8
     525    0.00      90       8
     526    0.96      90       8
     527    0.00      90       8
     528    0.96      90       8
     529    0.96      90       8
     530    0.00      90       8
     531    0.96      90       8
     532    0.00      90       8
     533    0.96      90       8
     534    0.00      90       8
     535    0.96      90       8
     536    0.00      90       8
     537    0.96      90       8
     538    0.00      90       8
     539    0.96      90       8
     540    0.00      90       8
     541    0.00      90       8
     542    0.00      90       8
     543    0.00      90       8
     544    0.00      90       8
     545    0.00      90       8
     546    0.97      90       8
     547    0.00      90       8
     548    0.00      90       8
     549    0.00      90       8
     550    0.00      90       8
     551    0.82      90       8
     552    0.82      90       8
     553    0.00      90       8
     554    0.00      90       8
     555    0.83      90       8
     556    0.00      90       8
     557    0.83      90       8
     558    0.83      90       8
     559    0.00      90       8
     560    0.83      90       8
     561    0.83      90       8
     562    0.00      90       8
     563    0.00      90       8
     564    0.81      90       8
     565    0.81      90       8
     566    0.81      90       8
     567    0.81      90       8
     568    0.44      90       8
     569    0.81      90       8
     570    0.81      90       8
     571    0.81      90       8
     572    0.81      90       8
     573    0.44      90       8
     574    0.81      90       8
     575    0.00      90       8
     576    0.81      90       8
     577    0.81      90       8
     578    0.81      90       8
     579    0.73      90       8
     580    0.73      90       8
     581    0.00      90       8
     582    0.00      90       8
     583    0.00      90       8
     584    0.00      90       8
     585    0.00      90       8
     586    0.00      90       8
     587    0.00      90       8
     588    0.00      90       8
     589    0.00      90       8
     590    0.00      90       8
     591    0.00      90       8
     592    0.00      90       8
     593    0.00      90       8
     594    0.00      90       8
     595    0.00      90       8
     596    0.00      90       8
     597    0.00      90       8
     598    0.00      90       8
     599    0.00      90       8
     600    0.00      90       8
     601    0.71      90       8
     602    0.00      90       8
     603    0.79      90       8
     604    0.79      90       8
     605    0.00      90       8
     606    0.79      90       8
     607    0.79      90       8
     608    0.00      90       8
     609    0.78      90       8
     610    0.00      90       8
     611    0.00      90       8
     612    0.72      90       8
     613    0.00      90       8
     614    0.72      90       8
     615    0.00      90       8
     616    0.00      90       8
     617    0.00      90       8
     618    0.72      90       8
     619    0.00      90       8
     620    0.72      90       8
     621    0.00      90       8
     622    0.00      90       8
     623    0.00      90       8
     624    1.37      90       8
     625    0.00      90       8
     626    1.37      90       8
     627    0.00      90       8
     628    0.00      90       8
     629    5.37      90       8
     630    5.25      90       8
     631    5.09      90       8
     632    0.00      90       8
     633    0.64      90       8
     634    4.76      90       8
     635    0.00      90       8
     636    9.11      90       8
     637    0.00      90       8
     638    0.00      90       8
     639    0.00      90       8
     640    0.00      90       8
     641    0.00      90       8
     642    0.00      90       8
     643    0.00      90       8
     644    0.00      90       8
     645    0.00      90       8
     646    0.00      90       8
     647    0.00      90       8
     648    0.00      90       8
     649   11.95      90       8
     650    0.69      90       8
     651   10.81      90       8
     652   10.33      90       8
     653    9.88      90       8
     654    9.29      90       8
     655    0.00      90       8
     656    1.39      90       8
     657    1.39      90       8
     658    1.38      90       8
     659    1.65      90       8
     660    1.65      90       8
     661    1.64      90       8
     662    1.64      90       8
     663    0.00      90       8
     664    1.64      90       8
     665    1.64      90       8
     666    0.00      90       8
     667    1.64      90       8
     668    1.63      90       8
     669    1.43      90       8
     670    1.43      90       8
     671    1.47      90       8
     672    1.47      90       8
     673    0.00      90       8
     674    1.47      90       8
     675    0.00      90       8
     676    1.47      90       8
     677    1.47      90       8
     678    0.00      90       8
     679    0.00      90       8
     680    1.46      90       8
     681    1.46      90       8
     682    1.46      90       8
     683    1.46      90       8
     684    1.46      90       8
     685    1.46      90       8
     686    1.46      90       8
     687    1.46      90       8
     688    1.46      90       8
     689    0.00      90       8
     690    1.45      90       8
     691    1.45      90       8
     692    1.45      90       8
     693    1.45      90       8
     694    0.00      90       8
     695    1.45      90       8
     696    1.45      90       8
     697    1.45      90       8
     698    1.45      90       8
     699    0.00      90       8
     700    1.45      90       8
     701    1.58      90       8
     702    0.00      90       8
     703    0.00      90       8
     704    1.57      90       8
     705    1.57      90       8
     706    1.57      90       8
     707    1.57      90       8
     708    1.57      90       8
     709    1.57      90       8
     710    1.56      90       8
     711    1.56      90       8
     712    1.56      90       8
     713    1.56      90       8
     714    0.00      90       8
     715    1.56      90       8
     716    0.00      90       8
     717    1.56      90       8
     718    1.56      90       8
     719    1.55      90       8
     720    1.55      90       8
     721    1.55      90       8
     722    1.55      90       8
     723    1.55      90       8
     724    1.55      90       8
     725    1.55      90       8
     726    1.55      90       8
     727    1.54      90       8
     728    1.54      90       8
     729    1.54      90       8
     730    1.54      90       8
     731    1.54      90       8
     732    2.17      90       8
     733    2.17      90       8
     734    2.17      90       8
     735    2.16      90       8
     736    0.00      90       8
     737    2.15      90       8
     738    2.15      90       8
     739    2.15      90       8
     740    0.00      90       8
     741    2.14      90       8
     742    2.13      90       8
     743    2.13      90       8
     744    2.13      90       8
     745    2.12      90       8
     746    2.12      90       8
     747    0.00      90       8
     748    2.11      90       8
     749    2.11      90       8
     750    2.11      90       8
     751    0.00      90       8
     752    2.09      90       8
     753    0.64      90       8
     754    2.09      90       8
     755    2.09      90       8
     756    2.08      90       8
     757    2.08      90       8
     758    0.32      90       8
     759    0.64      90       8
     760    2.09      90       8
     761    2.08      90       8
     762    2.08      90       8
     763    0.00      90       8
     764    0.00      90       8
     765    0.00      90       8
     766    0.00      90       8
     767    0.00      90       8
     768    0.00      90       8
     769    0.51      90       8
     770    0.94      90       8
     771    0.00      90       8
     772    0.00      90       8
     773    0.94      90       8
     774    0.51      90       8
     775    0.51      90       8
     776    0.29      90       8
     777    0.94      90       8
     778    0.94      90       8
     779    0.00      90       8
     780    0.31      90       8
     781    0.51      90       8
     782    0.93      90       8
     783    0.93      90       8
     784    0.34      90       8
     785    0.33      90       8
     786    0.38      90       8
     787    0.91      90       8
     788    0.49      90       8
     789    0.00      90       8
     790    0.00      90       8
     791    1.06      90       8
     792    1.06      90       8
     793    1.06      90       8
     794    1.06      90       8
     795    0.00      90       8
     796    1.06      90       8
     797    0.00      90       8
     798    1.06      90       8
     799    0.00      90       8
     800    1.06      90       8
     801    0.00      90       8
     802    0.39      90       8
     803    0.00      90       8
     804    1.06      90       8
     805    1.06      90       8
     806    1.06      90       8
     807    0.00      90       8
     808    0.33      90       8
     809    1.06      90       8
     810    0.00      90       8
     811    1.06      90       8
     812    0.00      90       8
     813    1.06      90       8
     814    0.00      90       8
     815    0.00      90       8
     816    0.39      90       8
     817    1.06      90       8
     818    1.06      90       8
     819    1.06      90       8
     820    0.52      90       8
     821    1.06      90       8
     822    0.39      90       8
     823    1.04      90       8
     824    0.00      90       8
     825    0.27      90       8
     826    0.30      90       8
     827    0.28      90       8
     828    0.33      90       8
     829    0.29      90       8
     830    0.28      90       8
     831    0.39      90       8
     832    0.70      90       8
     833    0.33      90       8
     834    0.27      90       8
     835    0.28      90       8
     836    0.28      90       8
     837    0.38      90       8
     838    0.40      90       8
     839    0.28      90       8
     840    0.28      90       8
     841    0.33      90       8
     842    0.33      90       8
     843    0.43      90       8
     844    0.43      90       8
     845    0.33      90       8
     846    0.92      90       8
     847    0.43      90       8
     848    0.92      90       8
     849    0.00      90       8
     850    0.92      90       8
     851    0.92      90       8
     852    0.93      90       8
     853    0.43      90       8
     854    0.93      90       8
     855    0.93      90       8
     856    0.93      90       8
     857    0.00      90       8
     858    0.93      90       8
     859    0.93      90       8
     860    0.33      90       8
     861    0.93      90       8
     862    0.93      90       8
     863    0.00      90       8
     864    0.93      90       8
     865    0.93      90       8
     866    0.00      90       8
     867    0.93      90       8
     868    0.00      90       8
     869    0.00      90       8
     870    0.93      90       8
     871    0.00      90       8
     872    0.93      90       8
     873    0.00      90       8
     874    0.93      90       8
     875    0.00      90       8
     876    0.93      90       8
     877    0.00      90       8
     878    0.00      90       8
     879    0.93      90       8
     880    0.00      90       8
     881    0.00      90       8
     882    0.00      90       8
     883    0.87      90       8
     884    0.00      90       8
     885    0.87      90       8
     886    0.00      90       8
     887    0.00      90       8
     888    0.87      90       8
     889    0.00      90       8
     890    0.00      90       8
     891    0.87      90       8
     892    0.00      90       8
     893    0.87      90       8
     894    0.00      90       8
     895    0.00      90       8
     896    0.87      90       8
     897    0.00      90       8
     898    0.00      90       8
     899    0.87      90       8
     900    0.00      90       8
     901    0.00      90       8
     902    0.00      90       8
     903    2.67      90       8
     904    2.66      90       8
     905    2.66      90       8
     906    2.64      90       8
     907    2.63      90       8
     908    2.63      90       8
     909    2.62      90       8
     910    0.00      90       8
     911    2.59      90       8
     912    2.58      90       8
     913    0.00      90       8
     914    0.49      90       8
     915    0.00      90       8
     916    0.00      90       8
     917    0.00      90       8
     918    0.00      90       8
     919    0.00      90       8
     920    0.00      90       8
     921    0.00      90       8
     922    0.00      90       8
     923    0.00      90       8
     924    0.00      90       8
     925    0.00      90       8
     926    0.00      90       8
     927    0.00      90       8
     928    0.00      90       8
     929    0.00      90       8
     930    0.00      90       8
     931    0.00      90       8
     932    0.00      90       8
     933    0.00      90       8
     934    0.00      90       8
     935    0.00      90       8
     936    0.00      90       8
     937    0.00      90       8
     938    0.00      90       8
     939    0.00      90       8
     940    0.00      90       8
     941    0.00      90       8
     942    0.00      90       8
     943    0.00      90       8
     944    0.00      90       8
     945    0.00      90       8
     946    0.00      90       8
     947    0.00      90       8
     948    0.00      90       8
     949    0.00      90       8
     950    0.00      90       8
     951    0.00      90       8
     952    0.00      90       8
     953    0.00      90       8
     954    0.00      90       8
     955    0.00      90       8
     956    0.00      90       8
     957    0.00      90       8
     958    0.66      90       8
     959    1.92      90       8
     960    1.91      90       8
     961    1.91      90       8
     962    1.91      90       8
     963    0.00      90       8
     964    1.91      90       8
     965    1.90      90       8
     966    0.00      90       8
     967    1.89      90       8
     968    1.89      90       8
     969    0.00      90       8
     970    0.00      90       8
     971    0.00      90       8
     972    0.66      90       8
     973    0.00      90       8
     974    0.00      90       8
     975    1.04      90       8
     976    1.04      90       8
     977    1.04      90       8
     978    1.04      90       8
     979    1.04      90       8
     980    0.00      90       8
     981    1.04      90       8
     982    1.04      90       8
     983    1.04      90       8
     984    1.04      90       8
     985    0.00      90       8
     986    1.04      90       8
     987    0.00      90       8
     988    0.86      90       8
     989    0.86      90       8
     990    0.86      90       8
     991    0.00      90       8
     992    0.86      90       8
     993    0.00      90       8
     994    0.86      90       8
     995    0.00      90       8
     996    0.86      90       8
     997    0.86      90       8
     998    0.86      90       8
     999    0.00      90       8
    1000    0.86      90       8
    1001    0.86      90       8
    1002    0.00      90       8
    1003    1.07      90       8
    1004    1.07      90       8
    1005    0.00      90       8
    1006    1.05      90       8
    1007    0.00      90       8
    1008    1.05      90       8
    1009    0.00      90       8
    1010    1.05      90       8
    1011    0.00      90       8
    1012    1.05      90       8
    1013    1.05      90       8
    1014    0.00      90       8
    1015    1.05      90       8
    1016    0.00      90       8
    1017    0.95      90       8
    1018    0.00      90       8
    1019    0.47      90       8
    1020    0.95      90       8
    1021    0.95      90       8
    1022    0.00      90       8
    1023    0.95      90       8
    1024    0.00      90       8
    1025    0.94      90       8
    1026    0.94      90       8
    1027    0.94      90       8
    1028    0.94      90       8
    1029    0.00      90       8
    1030    0.94      90       8
    1031    0.94      90       8
    1032    0.00      90       8
    1033    0.94      90       8
    1034    0.94      90       8
    1035    0.00      90       8
    1036    0.96      90       8
    1037    0.00      90       8
    1038    0.00      90       8
    1039    0.96      90       8
    1040    0.00      90       8
    1041    0.96      90       8
    1042    0.96      90       8
    1043    0.96      90       8
    1044    0.95      90       8
    1045    0.95      90       8
    1046    0.95      90       8
    1047    0.95      90       8
    1048    0.00      90       8
    1049    0.00      90       8
    1050    0.00      90       8
    1051    1.00      90       8
    1052    1.00      90       8
    1053    1.00      90       8
    1054    0.00      90       8
    1055    0.48      90       8
    1056    1.00      90       8
    1057    1.00      90       8
    1058    1.00      90       8
    1059    0.00      90       8
    1060    1.00      90       8
    1061    1.00      90       8
    1062    1.00      90       8
    1063    1.38      90       8
    1064    0.53      90       8
    1065    0.53      90       8
    1066    1.52      90       8
    1067    1.51      90       8
    1068    0.00      90       8
    1069    1.51      90       8
    1070    0.47      90       8
    1071    0.47      90       8
    1072    0.47      90       8
    1073    0.91      90       8
    1074    0.47      90       8
    1075    0.91      90       8
    1076    0.47      90       8
    1077    0.91      90       8
    1078    0.91      90       8
    1079    0.91      90       8
    1080    0.91      90       8
    1081    0.98      90       8
    1082    0.98      90       8
    1083    0.97      90       8
    1084  106.10      90       8
    1085  106.10      90       8
    1086   81.90      90       8
    1087   81.90      90       8
    1088    0.00      90       8
    1089   67.00      90       8
    1090   67.00      90       8
    1091    0.00      90       8
    1092   56.86      90       8
    1093   56.86      90       8
    1094   56.86      90       8
    1095   49.50      90       8
    1096   49.50      90       8
    1097    0.00      90       8
    1098    0.00      90       8
    1099    0.00      90       8
    1100    0.00      90       8
    1101    0.79      90       8
    1102    0.00      90       8
    1103    0.00      90       8
    1104    0.00      90       8
    1105    0.80      90       8
    1106    0.00      90       8
    1107    0.00      90       8
    1108    0.80      90       8
    1109    0.00      90       8
    1110    0.80      90       8
    1111    0.80      90       8
    1112    0.46      90       8
    1113    0.46      90       8
    1114    0.80      90       8
    1115    0.80      90       8
    1116    0.00      90       8
    1117    0.80      90       8
    1118    0.00      90       8
    1119    0.80      90       8
    1120    0.00      90       8
    1121    0.75      90       8
    1122    0.00      90       8
    1123    0.00      90       8
    1124    0.75      90       8
    1125    0.00      90       8
    1126    0.00      90       8
    1127    0.00      90       8
    1128    0.82      90       8
    1129    0.00      90       8
    1130    0.82      90       8
    1131    0.82      90       8
    1132    0.46      90       8
    1133    0.82      90       8
    1134    0.46      90       8
    1135    0.82      90       8
    1136    0.00      90       8
    1137    0.00      90       8
    1138    0.82      90       8
    1139    0.82      90       8
    1140    0.46      90       8
    1141    0.82      90       8
    1142    0.29      90       8
    1143    0.82      90       8
    1144    0.46      90       8
    1145    0.82      90       8
    1146    0.36      90       8
    1147    0.46      90       8
    1148    0.46      90       8
    1149    0.46      90       8
    1150    0.81      90       8
    1151    0.00      90       8
    1152    0.81      90       8
    1153    0.81      90       8
    1154    0.00      90       8
    1155    0.82      90       8
    1156    0.00      90       8
    1157    0.90      90       8
    1158    0.48      90       8
    1159    0.90      90       8
    1160    0.90      90       8
    1161    0.37      90       8
    1162    1.02      90       8
    1163    0.50      90       8
    1164    1.02      90       8
    1165    0.50      90       8
    1166    1.02      90       8
    1167    0.00      90       8
    1168    1.02      90       8
    1169    0.37      90       8
    1170    0.28      90       8
    1171    0.28      90       8
    1172    1.01      90       8
    1173    0.28      90       8
    1174    0.28      90       8
    1175    0.27      90       8
    1176    0.28      90       8
    1177    0.28      90       8
    1178    0.28      90       8
    1179    0.29      90       8
    1180    0.29      90       8
    1181    0.29      90       8
    1182    0.27      90       8
    1183    0.29      90       8
    1184    0.28      90       8
    1185    0.27      90       8
    1186    0.33      90       8
    1187    0.44      90       8
    1188    0.43      90       8
    1189    0.34      90       8
    1190    0.37      90       8
    1191    0.37      90       8
    1192    0.39      90       8
    1193    0.33      90       8
    1194    0.27      90       8
    1195    0.32      90       8
    1196    0.32      90       8
    1197    0.28      90       8
    1198    0.28      90       8
    1199    0.32      90       8
    1200    0.41      90       8
    1201    0.29      90       8
    1202    0.27      90       8
    1203    0.28      90       8
    1204    0.32      90       8
    1205    0.27      90       8
    1206    0.31      90       8
    1207    0.30      90       8
    1208    0.28      90       8
    1209    0.28      90       8
    1210    0.40      90       8
    1211    0.31      90       8
    1212    0.40      90       8
    1213    0.40      90       8
    1214    0.37      90       8
    1215    0.33      90       8
    1216    0.40      90       8
    1217    0.36      90       8
    1218    0.28      90       8
    1219    0.31      90       8
    1220    0.28      90       8
    1221    0.38      90       8
    1222    0.78      90       8
    1223    0.38      90       8
    1224    0.38      90       8
    1225    0.78      90       8
    1226    0.78      90       8
    1227    0.78      90       8
    1228    0.78      90       8
    1229    0.78      90       8
    1230    0.38      90       8
    1231    0.38      90       8
    1232    0.38      90       8
    1233    0.78      90       8
    1234    0.78      90       8
    1235    0.78      90       8
    1236    0.78      90       8
    1237    0.78      90       8
    1238    0.38      90       8
    1239    0.78      90       8
    1240    0.78      90       8
    1241    0.78      90       8
    1242    0.00      90       8
    1243    0.78      90       8
    1244    0.78      90       8
    1245    0.00      90       8
    1246    0.78      90       8
    1247    0.78      90       8
    1248    0.00      90       8
    1249    0.72      90       8
    1250    0.00      90       8
    1251    0.72      90       8
    1252    0.00      90       8
    1253    0.00      90       8
    1254    0.00      90       8
    1255    0.73      90       8
    1256    0.00      90       8
    1257    0.00      90       8
    1258    0.00      90       8
    1259    0.73      90       8
    1260    0.73      90       8
    1261    0.00      90       8
    1262    0.73      90       8
    1263    0.00      90       8
    1264    0.73      90       8
    1265    0.00      90       8
    1266    1.04      90       8
    1267    0.00      90       8
    1268    0.71      90       8
    1269    0.71      90       8
    1270    0.00      90       8
    1271    0.00      90       8
    1272    0.00      90       8
    1273    0.71      90       8
    1274    0.00      90       8
    1275    0.00      90       8
    1276    0.00      90       8
    1277    0.71      90       8
    1278    0.61      90       8
    1279    0.61      90       8
    1280    0.00      90       8
    1281    0.61      90       8
    1282    0.00      90       8
    1283    0.00      90       8
    1284    0.00      90       8
    1285    0.00      90       8
    1286    0.00      90       8
    1287    0.00      90       8
    1288    0.00      90       8
    1289    0.00      90       8
    1290    0.00      90       8
    1291    0.00      90       8
    1292    0.00      90       8
    1293    0.62      90       8
    1294    0.00      90       8
    1295    0.62      90       8
    1296    0.00      90       8
    1297    0.00      90       8
    1298    0.62      90       8
    1299    0.62      90       8
    1300    0.00      90       8
    1301    0.00      90       8
    1302    0.00      90       8
    1303    0.62      90       8
    1304    0.00      90       8
    1305    0.00      90       8
    1306    0.00      90       8
    1307    0.00      90       8
    1308    0.00      90       8
    1309    0.56      90       8
    1310    0.00      90       8
    1311    0.00      90       8
    1312    0.56      90       8
    1313    0.00      90       8
    1314    0.00      90       8
    1315    0.00      90       8
    1316    0.00      90       8
    1317    0.00      90       8
    1318    0.00      90       8
    1319    0.56      90       8
    1320    0.00      90       8
    1321    0.00      90       8
    1322    0.00      90       8
    1323    0.00      90       8
    1324    0.70      90       8
    1325    0.70      90       8
    1326    0.00      90       8
    1327    0.56      90       8
    1328    0.56      90       8
    1329    0.00      90       8
    1330    0.56      90       8
    1331    0.00      90       8
    1332    0.56      90       8
    1333    0.00      90       8
    1334    0.56      90       8
    1335    0.00      90       8
    1336    0.56      90       8
    1337    0.00      90       8
    1338    0.00      90       8
    1339    0.00      90       8
    1340    0.50      90       8
    1341    9.48      90       8
    1342    9.48      90       8
    1343    9.48      90       8
    1344    9.48      90       8
    1345    9.29      90       8
    1346    9.29      90       8
    1347    9.29      90       8
    1348    9.11      90       8
    1349    0.50      90       8
    1350    9.11      90       8
    1351    9.11      90       8
    1352    9.11      90       8
    1353    8.93      90       8
    1354    0.00      90       8
    1355   13.37      90       8
    1356    0.00      90       8
    1357    0.00      90       8
    1358    0.00      90       8
    1359    0.00      90       8
    1360    0.00      90       8
    1361    0.00      90       8
    1362    1.40      90       8
    1363    1.40      90       8
    1364    0.00      90       8
    1365    1.40      90       8
    1366    0.00      90       8
    1367    1.39      90       8
    1368    0.00      90       8
    1369    1.39      90       8
    1370    0.00      90       8
    1371    0.88      90       8
    1372    0.00      90       8
    1373    0.88      90       8
    1374    0.88      90       8
    1375    0.00      90       8
    1376    0.00      90       8
    1377    0.00      90       8
    1378    0.00      90       8
    1379    0.00      90       8
    1380    0.00      90       8
    1381    0.00      90       8
    1382    0.00      90       8
    1383    0.00      90       8
    1384    0.00      90       8
    1385    0.00      90       8
    1386    0.81      90       8
    1387    0.00      90       8
    1388    0.81      90       8
    1389    0.00      90       8
    1390    0.40      90       8
    1391    0.81      90       8
    1392    0.81      90       8
    1393    0.81      90       8
    1394    0.00      90       8
    1395    0.81      90       8
    1396    0.00      90       8
    1397    0.00      90       8
    1398    0.76      90       8
    1399    0.76      90       8
    1400    0.00      90       8
    1401    0.77      90       8
    1402    0.77      90       8
    1403    0.00      90       8
    1404    0.77      90       8
    1405    0.00      90       8
    1406    0.77      90       8
    1407    0.00      90       8
    1408    0.77      90       8
    1409    0.00      90       8
    1410    0.77      90       8
    1411    0.00      90       8
    1412    0.00      90       8
    1413    0.56      90       8
    1414    0.56      90       8
    1415    0.56      90       8
    1416    0.00      90       8
    1417    0.81      90       8
    1418    0.81      90       8
    1419    0.81      90       8
    1420    0.81      90       8
    1421    0.81      90       8
    1422    0.00      90       8
    1423    0.81      90       8
    1424    0.00      90       8
    1425    0.81      90       8
    1426    0.77      90       8
    1427    0.77      90       8
    1428    0.00      90       8
    1429    0.77      90       8
    1430    0.77      90       8
    1431    0.00      90       8
    1432    0.81      90       8
    1433    0.00      90       8
    1434    0.81      90       8
    1435    0.81      90       8
    1436    0.81      90       8
    1437    0.81      90       8
    1438    0.81      90       8
    1439    0.81      90       8
    1440    0.00      90       8
    1441    0.81      90       8
    1442    1.52      90       8
    1443    1.52      90       8
    1444    1.52      90       8
    1445    0.00      90       8
    1446    1.52      90       8
    1447    1.51      90       8
    1448    1.51      90       8
    1449    0.00      90       8
    1450    0.00      90       8
    1451    0.00      90       8
    1452    0.00      90       8
    1453    0.00      90       8
    1454    0.00      90       8
    1455    0.00      90       8
    1456    0.00      90       8
    1457    0.84      90       8
    1458    0.00      90       8
    1459    0.84      90       8
    1460    0.00      90       8
    1461    0.75      90       8
    1462    0.00      90       8
    1463    0.00      90       8
    1464    0.00      90       8
    1465    0.00      90       8
    1466    0.92      90       8
    1467    0.00      90       8
    1468    0.00      90       8
    1469    0.43      90       8
    1470    0.92      90       8
    1471    0.92      90       8
    1472    0.92      90       8
    1473    0.00      90       8
    1474    0.00      90       8
    1475    0.92      90       8
    1476    0.00      90       8
    1477    0.92      90       8
    1478    0.92      90       8
    1479    0.00      90       8
    1480    0.92      90       8
    1481    0.00      90       8
    1482    0.93      90       8
    1483    0.00      90       8
    1484    0.93      90       8
    1485    0.93      90       8
    1486    0.93      90       8
    1487    0.00      90       8
    1488    0.93      90       8
    1489    0.00      90       8
    1490    0.00      90       8
    1491    0.93      90       8
    1492    0.30      90       8
    1493    0.27      90       8
    1494    0.61      90       8
    1495    0.31      90       8
    1496    0.60      90       8
    1497    0.60      90       8
    1498    0.60      90       8
    1499    0.60      90       8
    1500    0.60      90       8
    1501    0.00      90       8
    1502    0.61      90       8
    1503    0.00      90       8
    1504    0.00      90       8
    1505    0.38      90       8
    1506    0.61      90       8
    1507    0.61      90       8
    1508    0.00      90       8
    1509    0.78      90       8
    1510    0.78      90       8
    1511    0.78      90       8
    1512    0.28      90       8
    1513    0.78      90       8
    1514    0.29      90       8
    1515    0.78      90       8
    1516    0.78      90       8
    1517    0.41      90       8
    1518    0.78      90       8
    1519    0.41      90       8
    1520    0.78      90       8
    1521    0.32      90       8
    1522    0.33      90       8
    1523    0.33      90       8
    1524    0.27      90       8
    1525    0.29      90       8
    1526    0.28      90       8
    1527    0.30      90       8
    1528    0.31      90       8
    1529    0.33      90       8
    1530    0.28      90       8
    1531    0.27      90       8
    1532    0.28      90       8
    1533    0.27      90       8
    1534    0.31      90       8
    1535    0.42      90       8
    1536    0.28      90       8
    1537    0.33      90       8
    1538    0.34      90       8
    1539    0.28      90       8
    1540    0.29      90       8
    1541    0.28      90       8
    1542    0.31      90       8
    1543    0.34      90       8
    1544    0.28      90       8
    1545    0.30      90       8
    1546    0.50      90       8
    1547    0.44      90       8
    1548    0.32      90       8
    1549    0.27      90       8
    1550    0.28      90       8
    1551    0.29      90       8
    1552    0.35      90       8
    1553    0.29      90       8
    1554    0.28      90       8
    1555    0.30      90       8
    1556    0.29      90       8
    1557    0.29      90       8
    1558    0.27      90       8
    1559    0.29      90       8
    1560    0.36      90       8
    1561    0.72      90       8
    1562    0.27      90       8
    1563    0.36      90       8
    1564    0.36      90       8
    1565    0.28      90       8
    1566    0.36      90       8
    1567    0.72      90       8
    1568    0.35      90       8
    1569    0.35      90       8
    1570    0.72      90       8
    1571    0.35      90       8
    1572    0.27      90       8
    1573    0.60      90       8
    1574    0.51      90       8
    1575    0.40      90       8
    1576    0.35      90       8
    1577    0.38      90       8
    1578    0.35      90       8
    1579    0.41      90       8
    1580    0.31      90       8
    1581    0.27      90       8
    1582    0.27      90       8
    1583    0.28      90       8
    1584    0.33      90       8
    1585    0.33      90       8
    1586    0.67      90       8
    1587    0.67      90       8
    1588    0.67      90       8
    1589    0.67      90       8
    1590    0.67      90       8
    1591    0.00      90       8
    1592    0.67      90       8
    1593    0.67      90       8
    1594    0.00      90       8
    1595    0.67      90       8
    1596    0.67      90       8
    1597    0.00      90       8
    1598    0.67      90       8
    1599    0.67      90       8
    1600    0.67      90       8
    1601    0.00      90       8
    1602    0.67      90       8
    1603    0.67      90       8
    1604    0.67      90       8
    1605    0.67      90       8
    1606    0.67      90       8
    1607    0.00      90       8
    1608    0.67      90       8
    1609    0.00      90       8
    1610    0.67      90       8
    1611    0.00      90       8
    1612    0.00      90       8
    1613    0.67      90       8
    1614    0.62      90       8
    1615    0.00      90       8
    1616    0.62      90       8
    1617    0.00      90       8
    1618    0.00      90       8
    1619    0.62      90       8
    1620    0.00      90       8
    1621    0.62      90       8
    1622    0.62      90       8
    1623    0.62      90       8
    1624    0.62      90       8
    1625    0.00      90       8
    1626    0.62      90       8
    1627    0.00      90       8
    1628    0.62      90       8
    1629    0.00      90       8
    1630    0.00      90       8
    1631    0.62      90       8
    1632    0.00      90       8
    1633    0.62      90       8
    1634    0.00      90       8
    1635    0.00      90       8
    1636    0.00      90       8
    1637    0.00      90       8
    1638    0.62      90       8
    1639    0.00      90       8
    1640    0.62      90       8
    1641    0.00      90       8
    1642    0.62      90       8
    1643    0.62      90       8
    1644    0.53      90       8
    1645    0.53      90       8
    1646    0.00      90       8
    1647    0.53      90       8
    1648    0.53      90       8
    1649    0.53      90       8
    1650    0.53      90       8
    1651    0.53      90       8
    1652    0.53      90       8
    1653    0.00      90       8
    1654    0.53      90       8
    1655    0.53      90       8
    1656    0.00      90       8
    1657    0.53      90       8
    1658    0.00      90       8
    1659    0.53      90       8
    1660    0.00      90       8
    1661    0.00      90       8
    1662    0.00      90       8
    1663    0.00      90       8
    1664    0.00      90       8
    1665    0.00      90       8
    1666    0.00      90       8
    1667    0.00      90       8
    1668    0.00      90       8
    1669    0.00      90       8
    1670    0.00      90       8
    1671    0.00      90       8
    1672    0.00      90       8
    1673    0.00      90       8
    1674    0.00      90       8
    1675    0.00      90       8
    1676    0.00      90       8
    1677    0.00      90       8
    1678    0.00      90       8
    1679    2.80      90       8
    1680    1.63      90       8
    1681    0.00      90       8
    1682    1.62      90       8
    1683    1.62      90       8
    1684    1.61      90       8
    1685    1.61      90       8
    1686    0.00      90       8
    1687    1.61      90       8
    1688    1.60      90       8
    1689    1.60      90       8
    1690    1.60      90       8
    1691    1.81      90       8
    1692    1.81      90       8
    1693    1.80      90       8
    1694    1.79      90       8
    1695    1.79      90       8
    1696    1.79      90       8
    1697    0.00      90       8
    1698    1.78      90       8
    1699    1.78      90       8
    1700    1.78      90       8
    1701    1.77      90       8
    1702    1.77      90       8
    1703    1.77      90       8
    1704    0.00      90       8
    1705    1.76      90       8
    1706    0.87      90       8
    1707    0.87      90       8
    1708    0.87      90       8
    1709    0.00      90       8
    1710    0.87      90       8
    1711    0.87      90       8
    1712    0.87      90       8
    1713    0.87      90       8
    1714    0.00      90       8
    1715    0.00      90       8
    1716    0.00      90       8
    1717    0.00      90       8
    1718    0.00      90       8
    1719    0.00      90       8
    1720    0.00      90       8
    1721    0.00      90       8
    1722    0.00      90       8
    1723    1.05      90       8
    1724    1.05      90       8
    1725    0.00      90       8
    1726    0.00      90       8
    1727    0.00      90       8
    1728    0.79      90       8
    1729    0.37      90       8
    1730    1.04      90       8
    1731    1.04      90       8
    1732    1.04      90       8
    1733    0.37      90       8
    1734    1.04      90       8
    1735    1.04      90       8
    1736    0.37      90       8
    1737    0.00      90       8
    1738    0.36      90       8
    1739    0.88      90       8
    1740    0.36      90       8
    1741    0.36      90       8
    1742    0.88      90       8
    1743    0.36      90       8
    1744    0.88      90       8
    1745    0.87      90       8
    1746    0.87      90       8
    1747    0.87      90       8
    1748    0.00      90       8
    1749    0.87      90       8
    1750    0.87      90       8
    1751    0.00      90       8
    1752    0.87      90       8
    1753    0.89      90       8
    1754    0.89      90       8
    1755    0.00      90       8
    1756    0.89      90       8
    1757    0.89      90       8
    1758    0.00      90       8
    1759    0.89      90       8
    1760    0.00      90       8
    1761    0.89      90       8
    1762    0.89      90       8
    1763    0.00      90       8
    1764    0.88      90       8
    1765    0.00      90       8
    1766    0.88      90       8
    1767    0.91      90       8
    1768    0.91      90       8
    1769    0.30      90       8
    1770    0.37      90       8
    1771    0.91      90       8
    1772    0.37      90       8
    1773    0.91      90       8
    1774    0.91      90       8
    1775    0.00      90       8
    1776    0.91      90       8
    1777    0.91      90       8
    1778    0.91      90       8
    1779    0.91      90       8
    1780    0.91      90       8
    1781    0.91      90       8
    1782    0.91      90       8
    1783    0.00      90       8
    1784    0.91      90       8
    1785    0.91      90       8
    1786    0.90      90       8
    1787    0.90      90       8
    1788    0.90      90       8
    1789    0.73      90       8
    1790    0.73      90       8
    1791    0.73      90       8
    1792    0.73      90       8
    1793    0.00      90       8
    1794    0.73      90       8
    1795    0.73      90       8
    1796    0.73      90       8
    1797    0.79      90       8
    1798    0.79      90       8
    1799    0.00      90       8
    1800    0.78      90       8
    1801    0.78      90       8
    1802    0.78      90       8
    1803    1.08      90       8
    1804    1.08      90       8
    1805    0.00      90       8
    1806    1.08      90       8
    1807    1.08      90       8
    1808    1.08      90       8
    1809    0.00      90       8
    1810    1.08      90       8
    1811    1.08      90       8
    1812    1.08      90       8
    1813    1.07      90       8
    1814    1.07      90       8
    1815    0.00      90       8
    1816    1.07      90       8
    1817    1.07      90       8
    1818    1.07      90       8
    1819    0.75      90       8
    1820    0.75      90       8
    1821    0.75      90       8
    1822    0.75      90       8
    1823    0.00      90       8
    1824    0.75      90       8
    1825    0.00      90       8
    1826    0.75      90       8
    1827    0.75      90       8
    1828    0.38      90       8
    1829    1.02      90       8
    1830    1.02      90       8
    1831    0.38      90       8
    1832    1.02      90       8
    1833    1.02      90       8
    1834    1.42      90       8
    1835    1.41      90       8
    1836    1.41      90       8
    1837    1.41      90       8
    1838    0.00      90       8
    1839    1.40      90       8
    1840    0.40      90       8
    1841    1.40      90       8
    1842    1.40      90       8
    1843    1.40      90       8
    1844    1.39      90       8
    1845    1.39      90       8
    1846    1.39      90       8
    1847    1.39      90       8
    1848    1.39      90       8
    1849    1.38      90       8
    1850    0.40      90       8
    1851    1.38      90       8
    1852    1.38      90       8
    1853    1.38      90       8
    1854    1.38      90       8
    1855    1.38      90       8
    1856    1.37      90       8
    1857    1.37      90       8
    1858    0.00      90       8
    1859    2.18      90       8
    1860    2.17      90       8
    1861    2.17      90       8
    1862    2.16      90       8
    1863    2.15      90       8
    1864    2.15      90       8
    1865    0.00      90       8
    1866    2.13      90       8
    1867    2.12      90       8
    1868    0.42      90       8
    1869    0.42      90       8
    1870    2.11      90       8
    1871    0.42      90       8
    1872    2.11      90       8
    1873    0.42      90       8
    1874    0.31      90       8
    1875    0.42      90       8
    1876    2.11      90       8
    1877    0.31      90       8
    1878    0.42      90       8
    1879    2.11      90       8
    1880    2.11      90       8
    1881    2.10      90       8
    1882    0.42      90       8
    1883    2.09      90       8
    1884    2.09      90       8
    1885    0.43      90       8
    1886    0.31      90       8
    1887    0.45      90       8
    1888    5.37      90       8
    1889    0.45      90       8
    1890    5.31      90       8
    1891    5.25      90       8
    1892    0.45      90       8
    1893    5.20      90       8
    1894    0.45      90       8
    1895    5.15      90       8
    1896    0.45      90       8
    1897    5.09      90       8
    1898    0.00      90       8
    1899    0.00      90       8
    1900    0.51      90       8
    1901    0.00      90       8
    1902    0.51      90       8
    1903    0.51      90       8
    1904    0.51      90       8
    1905    0.56      90       8
    1906    0.00      90       8
    1907    0.56      90       8
    1908    0.00      90       8
    1909    0.28      90       8
    1910    0.34      90       8
    1911    0.28      90       8
    1912    0.56      90       8
    1913    0.56      90       8
    1914    0.34      90       8
    1915    0.56      90       8
    1916    0.56      90       8
    1917    0.56      90       8
    1918    0.00      90       8
    1919    0.00      90       8
    1920    0.55      90       8
    1921    0.00      90       8
    1922    0.00      90       8
    1923    0.55      90       8
    1924    0.00      90       8
    1925    0.00      90       8
    1926    0.00      90       8
    1927    0.55      90       8
    1928    0.00      90       8
    1929    0.34      90       8
    1930    0.55      90       8
    1931    0.00      90       8
    1932    0.00      90       8
    1933    0.00      90       8
    1934    0.00      90       8
    1935    0.34      90       8
    1936    0.55      90       8
    1937    0.55      90       8
    1938    0.00      90       8
    1939    0.28      90       8
    1940    0.55      90       8
    1941    0.55      90       8
    1942    0.00      90       8
    1943    0.55      90       8
    1944    0.00      90       8
    1945    0.55      90       8
    1946    0.74      90       8
    1947    0.74      90       8
    1948    0.74      90       8
    1949    0.74      90       8
    1950    0.00      90       8
    1951    0.37      90       8
    1952    0.37      90       8
    1953    0.30      90       8
    1954    0.30      90       8
    1955    0.74      90       8
    1956    0.74      90       8
    1957    0.74      90       8
    1958    0.00      90       8
    1959    0.00      90       8
    1960    0.30      90       8
    1961    0.74      90       8
    1962    0.00      90       8
    1963    0.74      90       8
    1964    0.00      90       8
    1965    0.74      90       8
    1966    0.74      90       8
    1967    0.00      90       8
    1968    0.00      90       8
    1969    0.00      90       8
    1970    0.00      90       8
    1971    0.00      90       8
    1972    0.00      90       8
    1973    0.00      90       8
    1974    0.00      90       8
    1975    0.75      90       8
    1976    0.00      90       8
    1977    0.87      90       8
    1978    0.00      90       8
    1979    0.79      90       8
    1980    0.00      90       8
    1981    0.00      90       8
    1982    0.00      90       8
    1983    0.79      90       8
    1984    0.00      90       8
    1985    0.00      90       8
    1986    0.00      90       8
    1987    0.79      90       8
    1988    0.79      90       8
    1989    0.00      90       8
    1990    0.79      90       8
    1991    0.00      90       8
    1992    0.00      90       8
    1993    0.00      90       8
    1994    0.79      90       8
    1995    0.00      90       8
    1996    0.79      90       8
    1997    0.00      90       8
    1998    0.79      90       8
    1999    0.00      90       8
    2000    0.00      90       8
    2001    0.00      90       8
    2002    0.00      90       8
    2003    0.79      90       8
    2004    0.00      90       8
    2005    0.00      90       8
    2006    0.00      90       8
    2007    0.80      90       8
    2008    0.00      90       8
    2009    0.00      90       8
    2010    0.00      90       8
    2011    0.00      90       8
    2012    0.00      90       8
    2013    0.00      90       8
    2014    0.66      90       8
    2015    0.00      90       8
    2016    0.66      90       8
    2017    0.00      90       8
    2018    0.00      90       8
    2019    0.00      90       8
    2020    0.00      90       8
    2021    0.00      90       8
    2022    0.67      90       8
    2023    0.00      90       8
    2024    0.00      90       8
    2025    0.00      90       8
    2026    0.00      90       8
    2027    0.00      90       8
    2028    0.00      90       8
    2029    0.00      90       8
    2030    0.00      90       8
    2031    0.00      90       8
    2032    0.00      90       8
    2033    0.00      90       8
    2034    0.00      90       8
    2035    0.00      90       8
    2036    0.00      90       8
    2037    0.00      90       8
    2038    0.00      90       8
    2039    0.00      90       8
    2040    0.00      90       8
    2041    0.00      90       8
    2042    0.00      90       8
    2043    0.00      90       8
    2044    0.00      90       8
    2045    0.00      90       8
    2046    0.60      90       8
    2047    0.00      90       8
    2048    0.00      90       8
    2049    0.00      90       8
    2050    0.00      90       8
    2051    0.00      90       8
    2052    0.00      90       8
    2053    0.00      90       8
    2054    0.00      90       8
    2055    0.00      90       8
    2056    0.00      90       8
    2057    0.00      90       8
    2058    0.00      90       8
    2059    0.00      90       8
    2060    0.00      90       8
    2061    0.00      90       8
    2062    0.00      90       8
    2063    0.00      90       8
    2064    0.00      90       8
    2065    0.00      90       8
    2066    0.00      90       8
    2067    0.00      90       8
    2068    0.00      90       8
    2069    0.00      90       8
    2070    0.00      90       8
    2071    3.60      90       8
    2072    3.57      90       8
    2073    3.57      90       8
    2074    3.57      90       8
    2075    3.55      90       8
    2076    3.55      90       8
    2077    3.55      90       8
    2078    0.00      90       8
    2079    0.00      90       8
    2080    0.00      90       8
    2081    0.00      90       8
    2082    1.98      90       8
    2083    1.98      90       8
    2084    1.98      90       8
    2085    0.00      90       8
    2086    1.97      90       8
    2087    1.96      90       8
    2088    1.96      90       8
    2089    1.96      90       8
    2090    1.96      90       8
    2091    1.30      90       8
    2092    1.30      90       8
    2093    1.30      90       8
    2094    1.30      90       8
    2095    1.30      90       8
    2096    1.30      90       8
    2097    0.00      90       8
    2098    1.29      90       8
    2099    1.29      90       8
    2100    1.29      90       8
    2101    1.25      90       8
    2102    1.25      90       8
    2103    1.25      90       8
    2104    0.00      90       8
    2105    1.25      90       8
    2106    1.25      90       8
    2107    1.25      90       8
    2108    1.25      90       8
    2109    0.00      90       8
    2110    1.25      90       8
    2111    1.25      90       8
    2112    1.25      90       8
    2113    0.00      90       8
    2114    1.24      90       8
    2115    1.24      90       8
    2116    1.24      90       8
    2117    1.24      90       8
    2118    0.00      90       8
    2119    1.24      90       8
    2120    1.24      90       8
    2121    0.43      90       8
    2122    1.24      90       8
    2123    1.24      90       8
    2124    1.24      90       8
    2125    1.24      90       8
    2126    1.24      90       8
    2127    1.24      90       8
    2128    1.23      90       8
    2129    0.00      90       8
    2130    1.23      90       8
    2131    1.23      90       8
    2132    1.28      90       8
    2133    1.28      90       8
    2134    1.86      90       8
    2135    1.86      90       8
    2136    1.85      90       8
    2137    1.85      90       8
    2138    1.85      90       8
    2139    1.85      90       8
    2140    0.00      90       8
    2141    1.84      90       8
    2142    1.84      90       8
    2143    1.84      90       8
    2144    1.84      90       8
    2145    1.84      90       8
    2146    1.83      90       8
    2147    1.83      90       8
    2148    1.83      90       8
    2149    2.00      90       8
    2150    1.99      90       8
    2151    1.99      90       8
    2152    1.99      90       8
    2153    0.00      90       8
    2154    1.98      90       8
    2155    0.00      90       8
    2156    1.98      90       8
    2157    1.98      90       8
    2158    1.98      90       8
    2159    1.97      90       8
    2160    1.97      90       8
    2161    0.00      90       8
    2162    2.51      90       8
    2163    1.98      90       8
    2164    1.97      90       8
    2165    0.00      90       8
    2166    1.96      90       8
    2167    1.96      90       8
    2168    1.96      90       8
    2169    1.96      90       8
    2170    0.00      90       8
    2171    1.95      90       8
    2172    1.95      90       8
    2173    1.95      90       8
    2174    1.94      90       8
    2175    1.94      90       8
    2176    1.94      90       8
    2177    1.94      90       8
    2178    0.00      90       8
    2179    1.93      90       8
    2180    1.93      90       8
    2181    1.93      90       8
    2182    1.93      90       8
    2183    0.00      90       8
    2184    1.92      90       8
    2185    1.92      90       8
    2186    1.92      90       8
    2187    1.92      90       8
    2188    1.91      90       8
    2189    1.91      90       8
    2190    1.91      90       8
    2191    1.91      90       8
    2192    0.00      90       8
