2016 a 2020, Edson Queiroz, Braço 3, Variável PO4 , CHLA, OD - Entrada

    JDAY MINP_IN ALGA_IN DISOX_I
    1.00 1.9e-05 1.1e-09     7.7
    2.00   4e-05 2.4e-09     7.6
    3.00 7.2e-05 3.5e-09     7.5
    4.00 0.00012 6.1e-09     7.5
    5.00 0.00017   1e-08     7.5
    6.00 0.00024   2e-08     7.4
    7.00 0.00031 1.6e-08     7.2
    8.00 2.7e-07 2.1e-12     8.2
    9.00 6.9e-07 5.6e-12     8.1
   10.00 1.6e-06 1.4e-11     7.9
   11.00 3.5e-06 3.2e-11     7.9
   12.00 6.7e-06 6.3e-11     7.8
   13.00 1.1e-05 1.1e-10     7.9
   14.00 1.6e-05 1.7e-10     7.9
   15.00 2.2e-05 2.5e-10     7.9
   16.00 2.9e-05 3.6e-10     7.8
   17.00 3.5e-05 3.5e-10     7.9
   18.00 4.2e-05 5.6e-10     7.8
   19.00   5e-05 8.9e-11     8.3
   20.00   0.027     3.4     4.4
   21.00  0.0031     1.6     8.4
   22.00   0.031     4.1     4.1
   23.00 0.00067   0.025       8
   24.00 1.1e-07 1.7e-09     8.1
   25.00 1.4e-07   3e-14     8.2
   26.00 2.5e-07 5.6e-14     8.1
   27.00   4e-07 9.2e-14       8
   28.00 5.7e-07 1.4e-13       8
   29.00 7.7e-07 1.9e-13       8
   30.00 9.8e-07 2.6e-13     8.1
   31.00 5.7e-05   0.016     8.1
   32.00 1.7e-07 5.3e-14     8.4
   33.00 3.7e-07 9.1e-14     8.3
   34.00 6.9e-07 1.8e-13     8.2
   35.00 1.1e-06 2.9e-13       8
   36.00 1.5e-06 4.2e-13     8.1
   37.00 1.9e-06 5.6e-13       8
   38.00 2.2e-06 7.1e-13       8
   39.00 2.5e-06   1e-12     8.1
   40.00 2.8e-06 2.6e-12       8
   41.00 3.1e-06 1.4e-11     7.9
   42.00 3.4e-06 1.1e-10       8
   43.00 3.7e-06 1.5e-12       8
   44.00 3.9e-07 1.5e-13       8
   45.00  0.0015    0.77     7.4
   46.00 2.3e-07 1.3e-09     8.1
   47.00 3.8e-07 1.2e-13     7.9
   48.00 7.5e-07 2.5e-13     7.9
   49.00 1.3e-06 4.3e-13       8
   50.00 1.8e-06 6.6e-13     8.1
   51.00 2.4e-06 9.1e-13     8.2
   52.00   3e-06 1.2e-12       8
   53.00 3.5e-06 1.7e-12       8
   54.00  0.0011    0.53     7.6
   55.00 2.5e-07 2.1e-10     7.9
   56.00   5e-07 1.8e-13     7.9
   57.00 9.7e-07 3.6e-13     7.9
   58.00 1.6e-06 6.2e-13     7.8
   59.00 2.3e-06 9.4e-13       8
   60.00   3e-06 1.3e-12       8
   61.00 3.7e-06 1.7e-12     7.8
   62.00 4.3e-06 2.5e-12     7.9
   63.00 4.9e-06 7.1e-12       8
   64.00 5.4e-06 4.2e-11       8
   65.00 4.8e-07 2.4e-13     7.9
   66.00 1.1e-06 5.8e-13     7.8
   67.00 2.2e-06 1.2e-12     7.8
   68.00 3.7e-06 2.2e-12     7.9
   69.00 5.2e-06 3.2e-12       8
   70.00 6.5e-06 4.2e-12     7.9
   71.00 7.5e-06 5.6e-12       8
   72.00 8.4e-06   1e-11       8
   73.00 9.1e-06 4.2e-11     7.9
   74.00 9.9e-06 2.9e-10       8
   75.00 1.1e-05 8.8e-12     7.9
   76.00 1.1e-05   1e-11     7.8
   77.00 9.2e-05   0.051       8
   78.00 2.2e-07 4.4e-13     7.9
   79.00   5e-07 3.1e-13     7.8
   80.00   1e-06 6.6e-13       8
   81.00 1.8e-06 1.2e-12     7.9
   82.00 2.8e-06   2e-12       8
   83.00 3.6e-07 2.5e-13     7.9
   84.00 8.4e-07   6e-13     7.9
   85.00 1.7e-06 1.3e-12     7.9
   86.00   3e-06 2.4e-12     7.9
   87.00 4.6e-06 3.7e-12       8
   88.00   6e-06 5.2e-12       8
   89.00 7.3e-06 6.9e-12     8.1
   90.00 1.3e-07 9.1e-14       8
   91.00 3.3e-07 2.4e-13       8
   92.00 7.5e-07 5.6e-13     8.1
   93.00 1.5e-06 1.2e-12     8.1
   94.00 2.6e-06 2.1e-12     8.3
   95.00 3.8e-06 3.3e-12       8
   96.00 5.1e-06 4.6e-12       8
   97.00 6.3e-06 6.2e-12     8.2
   98.00 7.5e-05   0.039     8.1
   99.00 2.2e-07 3.1e-13       8
  100.00   5e-07 3.4e-13       8
  101.00   1e-06 7.3e-13     7.9
  102.00 1.8e-06 1.3e-12     8.2
  103.00 2.7e-06 2.1e-12     8.1
  104.00 3.7e-06 3.1e-12     8.1
  105.00 4.7e-06 4.1e-12       8
  106.00 5.7e-06 5.8e-12       8
  107.00 6.7e-06 1.2e-11       8
  108.00 7.6e-06 5.7e-11       8
  109.00 8.6e-06 4.2e-10       8
  110.00 9.6e-06   1e-11       8
  111.00 1.1e-05 1.2e-11       8
  112.00 1.1e-05 1.4e-11       8
  113.00 2.7e-07 2.8e-13     8.3
  114.00 6.6e-07 7.3e-13       8
  115.00 1.5e-06 1.7e-12       8
  116.00 2.9e-06 3.5e-12       8
  117.00 4.8e-06   6e-12       8
  118.00 6.8e-06 9.1e-12     7.9
  119.00 8.7e-06 1.2e-11       8
  120.00   1e-05 1.7e-11       8
  121.00 1.2e-05 3.2e-11       8
  122.00 1.4e-05 1.3e-10     7.9
  123.00 1.5e-05   2e-10       8
  124.00 1.7e-07 2.1e-13       8
  125.00 4.2e-07 5.5e-13       8
  126.00 9.7e-07 1.3e-12     8.1
  127.00   2e-06 2.8e-12       8
  128.00 2.4e-05   0.011     7.8
  129.00 2.2e-07 2.5e-13     7.9
  130.00   5e-07 4.8e-13       8
  131.00   1e-06   1e-12       8
  132.00 1.8e-06 1.9e-12       8
  133.00 2.7e-06   3e-12     8.1
  134.00 3.8e-06 4.4e-12       8
  135.00 4.8e-06   6e-12       8
  136.00 2.3e-07 2.4e-13       8
  137.00 5.6e-07   6e-13     7.9
  138.00 1.2e-06 1.4e-12       8
  139.00 2.3e-06 2.7e-12       8
  140.00 3.7e-06 4.6e-12       8
  141.00 5.2e-06 6.8e-12       8
  142.00 6.6e-06 9.1e-12       8
  143.00 7.9e-06 1.2e-11       8
  144.00 9.2e-06 2.2e-11       8
  145.00   1e-05 8.3e-11     7.9
  146.00 1.2e-05 5.6e-10       8
  147.00 1.3e-05 2.2e-11       8
  148.00 1.4e-05 2.5e-11     7.9
  149.00 1.5e-05 2.9e-11     7.9
  150.00 1.6e-05 3.3e-11     7.9
  151.00 1.7e-05 3.9e-11       8
  152.00 1.9e-05 4.6e-11       8
  153.00 1.3e-06 2.8e-12     7.9
  154.00 2.5e-06 5.8e-12     7.9
  155.00 3.5e-06 8.3e-12     7.9
  156.00   2e-06 5.1e-12     7.9
  157.00 3.5e-06 9.2e-12     8.1
  158.00 6.8e-07 1.7e-12     8.1
  159.00 3.2e-07 6.9e-13     7.9
  160.00 7.8e-07 1.7e-12       8
  161.00 1.7e-06 4.1e-12     7.8
  162.00 1.4e-06 3.4e-12       8
  163.00 2.9e-06 7.5e-12       8
  164.00 4.2e-06 1.1e-11     7.8
  165.00 7.1e-06   2e-11     7.8
  166.00   1e-05 3.1e-11     8.1
  167.00 1.4e-05 4.2e-11       8
  168.00 1.7e-05 5.8e-11       8
  169.00 1.9e-05   1e-10       8
  170.00 2.2e-05 4.1e-10     8.1
  171.00 2.4e-05 8.9e-11       8
  172.00 2.6e-05   1e-10       8
  173.00 2.9e-05 1.2e-10     7.9
  174.00 3.1e-05 1.3e-10     7.9
  175.00 3.1e-06 1.4e-11     7.9
  176.00 4.9e-06 2.3e-11     7.8
  177.00   1e-05   5e-11     7.9
  178.00 1.8e-05 9.4e-11     7.9
  179.00 2.7e-05 1.5e-10     8.1
  180.00 3.4e-05   2e-10       8
  181.00   4e-05 2.8e-10       8
  182.00 4.4e-05 6.7e-10       8
  183.00 4.8e-05 9.2e-10       8
  184.00 5.2e-05 3.8e-10     7.9
  185.00 5.5e-05 4.5e-10     7.8
  186.00 5.8e-05 5.7e-10     7.9
  187.00 6.2e-05 7.7e-10       8
  188.00 6.5e-05 1.1e-09     8.1
  189.00 6.8e-05 1.9e-09     7.9
  190.00 7.2e-05 9.9e-10     7.9
  191.00 7.5e-05 7.4e-10       8
  192.00 7.9e-05 8.2e-10       8
  193.00 8.3e-05 9.2e-10     7.9
  194.00 8.7e-05   1e-09       8
  195.00 9.1e-05 1.2e-09       8
  196.00 9.5e-05 1.3e-09     7.9
  197.00   1e-04 1.5e-09       8
  198.00   1e-04 1.7e-09       8
  199.00 0.00011   2e-09     7.9
  200.00 0.00011 2.3e-09     7.9
  201.00 0.00012 2.7e-09     7.9
  202.00 0.00012 2.3e-09     7.9
  203.00 0.00013 2.6e-09       8
  204.00 0.00014 2.9e-09       8
  205.00 0.00014 3.3e-09       8
  206.00 0.00015 3.8e-09     7.9
  207.00 0.00015 4.3e-09     7.8
  208.00 0.00016   5e-09     7.9
  209.00 0.00017 5.8e-09       8
  210.00 0.00018 6.8e-09       8
  211.00 0.00018 8.1e-09     7.9
  212.00 0.00019 9.6e-09       8
  213.00   2e-04 5.5e-09     7.8
  214.00 0.00021   6e-09     7.9
  215.00 0.00022 6.6e-09     7.8
  216.00 0.00023 7.2e-09     7.8
  217.00 0.00023 7.9e-09     7.8
  218.00 0.00024 8.7e-09     7.8
  219.00 0.00025 9.5e-09     7.9
  220.00 0.00027   1e-08     7.8
  221.00 0.00028 1.1e-08     7.9
  222.00 0.00029 9.8e-09     7.8
  223.00   3e-04 1.1e-08     7.8
  224.00 0.00031 1.2e-08     7.7
  225.00 0.00033   1e-08     7.7
  226.00 0.00034   9e-09     7.6
  227.00 0.00035   1e-08     7.8
  228.00 0.00037 1.1e-08     7.8
  229.00 0.00038 1.2e-08     7.7
  230.00   4e-04 1.4e-08     7.6
  231.00 0.00041 1.5e-08     7.6
  232.00 0.00043 1.7e-08     7.7
  233.00 0.00045 1.9e-08     7.7
  234.00 0.00047 2.1e-08     7.6
  235.00 0.00048 2.3e-08     7.6
  236.00   5e-04 2.4e-08     7.5
  237.00 0.00052 2.7e-08     7.5
  238.00 0.00055   3e-08     7.6
  239.00 0.00057 3.4e-08     7.6
  240.00 0.00059 3.8e-08     7.6
  241.00 0.00061 3.1e-08     7.4
  242.00 0.00064 3.5e-08     7.4
  243.00 0.00066   4e-08     7.4
  244.00 0.00069 4.5e-08     7.2
  245.00 0.00072 5.1e-08     7.2
  246.00 0.00074 5.8e-08     7.2
  247.00 0.00077 6.5e-08     7.3
  248.00   8e-04 7.4e-08     7.2
  249.00 0.00083 8.4e-08     7.2
  250.00 0.00087 9.5e-08     7.2
  251.00   9e-04 1.1e-07     7.2
  252.00 0.00094 1.1e-07       7
  253.00 0.00097 1.1e-07     6.7
  254.00   0.001 7.7e-08     5.8
  255.00   0.001 1.7e-08     4.5
  256.00  0.0011 1.9e-08     4.4
  257.00  0.0011 2.1e-08     4.4
  258.00  0.0012 2.4e-08     4.4
  259.00  0.0012 2.7e-08     4.5
  260.00  0.0013   3e-08     4.5
  261.00  0.0013 3.4e-08     4.4
  262.00  0.0014 3.8e-08     4.5
  263.00  0.0014 4.3e-08     4.5
  264.00  0.0015 4.8e-08     4.6
  265.00  0.0015 5.4e-08     4.5
  266.00  0.0016 6.1e-08     4.4
  267.00  0.0016 6.8e-08     4.6
  268.00  0.0017 7.7e-08     4.6
  269.00  0.0018 7.8e-08     4.4
  270.00  0.0018 8.1e-08     4.3
  271.00  0.0019 8.4e-08     4.1
  272.00   0.002 3.6e-08       3
  273.00   0.002 3.9e-08       3
  274.00  0.0021 4.3e-08       3
  275.00  0.0022 4.8e-08     3.1
  276.00  0.0023 5.2e-08       3
  277.00  0.0023 5.8e-08     3.1
  278.00  0.0024 6.3e-08     3.1
  279.00  0.0025   7e-08     3.1
  280.00  0.0026 7.7e-08     3.1
  281.00  0.0027 8.4e-08     3.1
  282.00  0.0028 9.3e-08     3.2
  283.00  0.0029   1e-07     3.2
  284.00   0.003 1.1e-07     3.2
  285.00  0.0031 1.2e-07     3.2
  286.00  0.0032 1.4e-07     3.2
  287.00  0.0033 1.1e-07     2.4
  288.00  0.0034 4.9e-08     1.1
  289.00  0.0036 5.4e-08     1.1
  290.00  0.0037       0       0
  291.00  0.0038       0       0
  292.00  0.0039       0       0
  293.00  0.0041       0       0
  294.00  0.0042       0       0
  295.00  0.0044       0       0
  296.00  0.0045       0       0
  297.00  0.0046       0       0
  298.00  0.0048       0       0
  299.00   0.005       0       0
  300.00  0.0051       0       0
  301.00  0.0053       0       0
  302.00  0.0055       0       0
  303.00  0.0057       0       0
  304.00  0.0058       0       0
  305.00   0.006       0       0
  306.00  0.0062       0       0
  307.00  0.0064       0       0
  308.00  0.0066       0       0
  309.00  0.0069       0       0
  310.00  0.0071       0       0
  311.00  0.0073       0       0
  312.00  0.0075       0       0
  313.00  0.0078       0       0
  314.00   0.008       0       0
  315.00  0.0083       0       0
  316.00  0.0085       0       0
  317.00  0.0088       0       0
  318.00   0.009       0       0
  319.00  0.0093       0       0
  320.00  0.0096       0       0
  321.00  0.0099       0       0
  322.00    0.01       0       0
  323.00    0.01       0       0
  324.00   0.011       0       0
  325.00   0.011       0       0
  326.00   0.011       0       0
  327.00   0.012       0       0
  328.00   0.012       0       0
  329.00   0.012       0       0
  330.00   0.013       0       0
  331.00   0.013       0       0
  332.00   0.014       0       0
  333.00   0.014       0       0
  334.00   0.014       0       0
  335.00   0.015       0       0
  336.00   0.015       0       0
  337.00   0.016       0       0
  338.00   0.016       0       0
  339.00   0.016       0       0
  340.00   0.017       0       0
  341.00   0.017       0       0
  342.00   0.018       0       0
  343.00   0.018       0       0
  344.00   0.019       0       0
  345.00   0.019       0       0
  346.00    0.02       0       0
  347.00    0.02       0       0
  348.00   0.021       0       0
  349.00   0.021       0       0
  350.00   0.022       0       0
  351.00 0.00048   1e-08     7.5
  352.00  0.0012 3.6e-09     6.7
  353.00   5e-07 3.3e-12     8.1
  354.00   4e-07 7.2e-13     7.9
  355.00   1e-06   2e-12     7.7
  356.00 2.4e-06   5e-12     7.8
  357.00 4.9e-06 1.1e-11     7.8
  358.00 1.7e-06 3.9e-12     7.7
  359.00   4e-06 9.9e-12     7.8
  360.00 8.5e-06 2.3e-11     7.8
  361.00 1.2e-05 3.4e-11     7.7
  362.00 2.1e-05 6.5e-11     7.7
  363.00 3.2e-05 1.1e-10     7.7
  364.00   1e-06 2.4e-12     7.9
  365.00 6.9e-07 7.9e-12     7.8
  366.00 1.7e-06 2.9e-12     7.6
  367.00   4e-06 7.4e-12     7.6
  368.00   4e-06   8e-12     7.7
  369.00 2.9e-06   6e-12     7.9
  370.00 1.3e-06 1.5e-11     7.9
  371.00 1.1e-06 1.2e-11     7.8
  372.00 1.7e-06 1.9e-11     7.8
  373.00   4e-06 4.7e-11     7.8
  374.00 1.8e-06 2.1e-11     7.9
  375.00 2.6e-06 3.2e-11     7.8
  376.00 4.9e-06 1.4e-11     7.8
  377.00 6.4e-07 7.4e-12     8.1
  378.00 8.1e-07 8.5e-12     7.9
  379.00   2e-06 2.2e-11     7.9
  380.00 4.5e-06 5.2e-11     7.9
  381.00   9e-06 7.6e-11     7.7
  382.00 7.1e-06 6.3e-11     7.9
  383.00 2.8e-06 2.6e-11     7.8
  384.00 2.1e-06 1.9e-11     7.9
  385.00 2.8e-07 8.6e-12       8
  386.00 1.1e-07 1.1e-12       8
  387.00 2.3e-07 2.3e-12     7.8
  388.00 4.9e-07 5.1e-12     7.9
  389.00 3.9e-07 3.6e-12       8
  390.00   6e-07 5.6e-12     7.8
  391.00 1.2e-06 1.2e-11       8
  392.00 7.5e-07 7.2e-12     7.9
  393.00 6.6e-07 6.3e-12       8
  394.00 5.1e-07 4.2e-12       8
  395.00 6.4e-07 5.4e-12     7.9
  396.00 1.2e-06 1.1e-11     7.9
  397.00 7.6e-07 6.6e-12     8.1
  398.00 2.8e-07 1.8e-12       8
  399.00 4.5e-07 2.9e-12     7.8
  400.00   1e-06 6.9e-12     7.8
  401.00 2.1e-06 1.5e-11     7.9
  402.00 3.7e-06 2.7e-11     7.8
  403.00 5.6e-06 4.4e-11     7.9
  404.00 1.7e-06 1.4e-11     7.8
  405.00 1.9e-06 1.6e-11       8
  406.00 6.5e-07 5.2e-12       8
  407.00 3.2e-07 1.9e-12       8
  408.00   0.017     3.4     5.3
  409.00 0.00017     0.1       8
  410.00 1.1e-07 4.9e-12       8
  411.00 2.1e-07 1.9e-13     8.1
  412.00 3.4e-07 3.1e-13       8
  413.00 6.5e-07 6.2e-13       8
  414.00 5.2e-07 5.1e-13       8
  415.00   0.011       4     5.1
  416.00  0.0022     1.3     8.3
  417.00  0.0052     2.2       6
  418.00 0.00039   0.045     8.1
  419.00 2.8e-05 0.00022       8
  420.00 3.3e-07 1.2e-13       8
  421.00 4.2e-07 1.5e-13       8
  422.00 0.00049     0.3     7.8
  423.00   4e-07 1.4e-12     8.1
  424.00 0.00085    0.46     7.9
  425.00  0.0035     1.9     6.5
  426.00   0.002     0.9     8.1
  427.00   0.014     4.5     4.3
  428.00   0.016     3.2     6.8
  429.00 6.9e-05  0.0014     8.1
  430.00 0.00044    0.11     7.8
  431.00  0.0029     1.3     6.6
  432.00 1.3e-05  0.0011       8
  433.00  0.0014    0.61     7.4
  434.00  0.0024     1.2       7
  435.00 0.00031    0.14       8
  436.00  0.0084     2.7       5
  437.00 0.00093     0.2       8
  438.00  0.0058     2.7     5.5
  439.00    0.01     3.5       5
  440.00  0.0047     1.8       7
  441.00  0.0026    0.89     7.3
  442.00  0.0032     1.3     6.5
  443.00 0.00086    0.29     8.1
  444.00 1.1e-05   5e-04     8.1
  445.00 3.7e-07 4.6e-14       8
  446.00 0.00038    0.23     7.9
  447.00  0.0043     1.5     6.3
  448.00   0.013     3.3     4.6
  449.00  0.0082     2.9     6.4
  450.00 0.00053   0.076     7.9
  451.00 5.1e-05   0.009     8.1
  452.00  0.0013    0.36     7.5
  453.00  0.0013    0.67     7.6
  454.00   4e-07 3.9e-11     8.1
  455.00 0.00053    0.24       8
  456.00  0.0046     2.2       6
  457.00  0.0089     3.4     5.2
  458.00  0.0033     1.4     8.1
  459.00  0.0013    0.33     7.3
  460.00 2.7e-07 4.3e-10     8.1
  461.00  0.0012    0.45     7.5
  462.00 0.00016   0.052     8.1
  463.00 4.3e-07 9.3e-14       8
  464.00 7.3e-07 8.3e-14       8
  465.00   9e-07 1.1e-13       8
  466.00 5.9e-07 7.3e-14     8.1
  467.00   0.004     1.9     6.8
  468.00  0.0018    0.81     8.1
  469.00  0.0044     1.9     6.5
  470.00  0.0024     1.1     8.1
  471.00 4.5e-05 0.00088       8
  472.00 2.6e-07 3.9e-14       8
  473.00 5.2e-07   6e-14       8
  474.00 8.7e-07 1.1e-13       8
  475.00 9.5e-07 1.2e-13     7.9
  476.00 4.1e-07 5.3e-14       8
  477.00 3.2e-07 4.2e-14       8
  478.00 5.2e-07 7.2e-14     8.1
  479.00 3.8e-07 5.5e-14     8.1
  480.00  0.0069     2.2     6.7
  481.00 5.4e-07 6.3e-08       8
  482.00 5.7e-07 8.4e-14       8
  483.00 8.5e-07 1.3e-13     8.1
  484.00 6.8e-07 1.1e-13     8.1
  485.00 6.4e-07 1.1e-13       8
  486.00 5.7e-07 9.8e-14     8.1
  487.00   7e-05  0.0023       8
  488.00 5.1e-07 1.3e-13     8.2
  489.00 4.6e-07 8.8e-14     8.1
  490.00  0.0048     1.9     7.1
  491.00 6.2e-07 3.3e-08     8.1
  492.00 8.3e-07 1.7e-13     8.1
  493.00 1.4e-06   3e-13       8
  494.00 5.1e-07 1.1e-13     8.1
  495.00  0.0084     2.3     6.6
  496.00 0.00054   0.071       8
  497.00 4.4e-07 2.1e-11       8
  498.00 5.9e-07 1.3e-13       8
  499.00 1.1e-06 2.5e-13     8.1
  500.00 1.8e-06 4.4e-13     7.9
  501.00 2.6e-06 6.7e-13       8
  502.00 3.4e-06 9.2e-13     8.1
  503.00 4.1e-06 1.2e-12       8
  504.00 2.1e-06 6.3e-13     8.1
  505.00 1.2e-06 3.8e-13       8
  506.00 0.00048    0.14     7.8
  507.00 7.7e-07 3.7e-11       8
  508.00 1.6e-06 5.2e-13     8.1
  509.00 2.7e-06 9.5e-13     8.1
  510.00   4e-06 1.5e-12     8.1
  511.00   5e-06 1.9e-12     8.1
  512.00 2.6e-06   1e-12       8
  513.00 1.9e-06 7.8e-13       8
  514.00 5.6e-07 2.4e-13       8
  515.00   0.028     3.6     4.5
  516.00  0.0018    0.59     8.1
  517.00 3.1e-07 7.9e-09     8.1
  518.00 1.4e-06 1.1e-06     8.1
  519.00 4.4e-07 1.4e-13     8.1
  520.00 5.1e-07 1.7e-13       8
  521.00 9.9e-07 3.4e-13       8
  522.00 1.5e-06 5.5e-13       8
  523.00 2.4e-06   9e-13     8.1
  524.00 3.3e-06 1.3e-12     8.2
  525.00 4.2e-06 1.7e-12     8.2
  526.00 4.9e-06 2.5e-12     8.1
  527.00 5.7e-06 5.4e-12       8
  528.00 2.1e-06 9.8e-13     8.1
  529.00 5.3e-07 2.5e-13       8
  530.00 1.2e-06 6.1e-13     8.1
  531.00   2e-06   1e-12     8.1
  532.00 3.4e-06 1.8e-12     8.1
  533.00   3e-06 1.7e-12     8.2
  534.00 5.1e-06   3e-12     8.1
  535.00 3.5e-07   2e-13       8
  536.00 5.2e-07   3e-13       8
  537.00 1.2e-06 7.1e-13       8
  538.00 2.4e-06 1.5e-12       8
  539.00 1.4e-06 9.2e-13     7.9
  540.00 2.8e-06   2e-12     8.1
  541.00   3e-06 2.2e-12       8
  542.00 4.7e-06 3.5e-12     7.8
  543.00 6.2e-06 4.9e-12     7.9
  544.00 8.7e-06 7.2e-12       8
  545.00 1.1e-05 9.6e-12     7.9
  546.00 7.3e-06 6.6e-12     8.1
  547.00 2.3e-06 2.2e-12       8
  548.00 2.6e-07 2.2e-13       8
  549.00 2.8e-07 2.2e-13     7.9
  550.00   5e-07   4e-13       8
  551.00 1.1e-06 9.5e-13     8.1
  552.00 2.2e-06   2e-12     8.1
  553.00 3.7e-06 3.5e-12     8.1
  554.00 5.5e-06 5.4e-12     8.1
  555.00 7.4e-06 7.6e-12     7.8
  556.00 9.1e-06 1.1e-11     7.9
  557.00 1.1e-05 1.8e-11     7.9
  558.00 1.2e-05 6.7e-11       8
  559.00 1.4e-05 4.5e-10     8.1
  560.00 1.5e-05   2e-11       8
  561.00 1.7e-05 2.3e-11       8
  562.00 1.8e-05 2.6e-11       8
  563.00   2e-05   3e-11     7.9
  564.00 2.1e-05 3.5e-11     8.1
  565.00 2.2e-05 4.2e-11       8
  566.00 2.4e-05 5.3e-11       8
  567.00 2.5e-05 7.3e-11       8
  568.00 9.4e-07 1.7e-12     8.1
  569.00 7.4e-07 1.3e-12     7.9
  570.00 1.6e-06   3e-12     7.9
  571.00 1.5e-06   3e-12     7.9
  572.00 3.5e-06 7.2e-12       8
  573.00   7e-06 1.5e-11       8
  574.00 1.2e-05 2.7e-11       8
  575.00 1.7e-05   4e-11     8.1
  576.00 2.2e-05 5.6e-11     7.8
  577.00 2.6e-05 8.8e-11     7.9
  578.00 2.9e-05 2.5e-10       8
  579.00 3.3e-05 1.5e-09       8
  580.00 3.6e-05 1.1e-10     7.7
  581.00 3.9e-05 1.2e-10     7.9
  582.00 4.1e-05 1.4e-10     7.9
  583.00 4.4e-05 1.7e-10     7.8
  584.00 4.7e-05 2.1e-10     7.8
  585.00   5e-05 2.8e-10       8
  586.00 5.3e-05 4.2e-10     7.9
  587.00 5.5e-05   7e-10     7.9
  588.00 5.8e-05 1.3e-09     7.8
  589.00 6.1e-05 3.3e-10     7.8
  590.00 6.4e-05 3.9e-10     7.9
  591.00 6.8e-05 4.8e-10     7.8
  592.00 7.1e-05 6.3e-10     7.8
  593.00 7.4e-05 4.7e-10     7.8
  594.00 7.8e-05 5.3e-10     7.9
  595.00 8.2e-05   6e-10       8
  596.00 8.5e-05 6.8e-10     7.9
  597.00 8.9e-05 7.9e-10     7.8
  598.00 9.3e-05 9.2e-10     7.8
  599.00 9.8e-05 1.1e-09     7.8
  600.00   1e-04 1.3e-09     7.8
  601.00 0.00011 1.6e-09     7.8
  602.00 0.00011 1.2e-09     7.8
  603.00 0.00012 1.3e-09     7.8
  604.00 0.00012 1.5e-09     7.9
  605.00 0.00013 1.7e-09     7.8
  606.00 0.00013   2e-09     7.8
  607.00 0.00014 2.3e-09     7.8
  608.00 0.00014 2.7e-09     7.9
  609.00 0.00015 3.1e-09     7.8
  610.00 0.00016 3.7e-09     7.8
  611.00 0.00016 4.4e-09     7.9
  612.00 0.00017 5.3e-09     7.9
  613.00 0.00018 6.4e-09     7.9
  614.00 0.00018 7.8e-09     7.8
  615.00 0.00019 3.4e-09     7.9
  616.00   2e-04 3.7e-09     7.8
  617.00 0.00021 4.1e-09     7.6
  618.00 0.00022 4.5e-09     7.6
  619.00 0.00023 4.9e-09     7.7
  620.00 0.00024 5.4e-09     7.7
  621.00 0.00025   6e-09     7.8
  622.00 0.00026 6.6e-09     7.8
  623.00 0.00027 7.3e-09     7.7
  624.00 0.00028   8e-09     7.7
  625.00 0.00029 8.8e-09     7.8
  626.00   3e-04 9.7e-09     7.7
  627.00 0.00031 1.1e-08     7.7
  628.00 0.00032 1.2e-08     7.8
  629.00 0.00034 1.3e-08     7.7
  630.00 0.00035 1.4e-08     7.7
  631.00 0.00037 1.6e-08     7.8
  632.00 0.00038 1.8e-08     7.7
  633.00 0.00039   2e-08     7.7
  634.00 0.00041 1.8e-08     7.7
  635.00 0.00043   2e-08     7.6
  636.00 0.00044 2.2e-08     7.7
  637.00 0.00046 2.1e-08     7.5
  638.00 0.00048 2.3e-08     7.5
  639.00   5e-04 2.6e-08     7.7
  640.00 0.00052 2.9e-08     7.7
  641.00 0.00054 3.2e-08     7.7
  642.00 0.00056 3.6e-08     7.5
  643.00 0.00058 3.4e-08     7.4
  644.00   6e-04 3.8e-08     7.4
  645.00 0.00063 4.3e-08     7.3
  646.00 0.00065 4.8e-08     7.3
  647.00 0.00068 5.4e-08     7.4
  648.00   7e-04 6.1e-08     7.4
  649.00 0.00073 6.9e-08     7.3
  650.00 0.00076 7.7e-08     7.5
  651.00 0.00079 8.7e-08     7.3
  652.00 0.00082 9.8e-08     7.5
  653.00 0.00085 1.1e-07     7.4
  654.00 0.00088 1.2e-07     7.3
  655.00 0.00091 9.9e-08     6.6
  656.00 0.00095 9.4e-08     6.2
  657.00 0.00098 3.7e-08     5.1
  658.00   0.001   4e-08       5
  659.00  0.0011 4.4e-08     5.1
  660.00  0.0011 4.9e-08     5.1
  661.00  0.0011 3.3e-08     4.7
  662.00  0.0012 3.7e-08     4.7
  663.00  0.0012 4.1e-08     4.7
  664.00  0.0013 4.5e-08     4.6
  665.00  0.0013 5.1e-08     4.7
  666.00  0.0014 4.2e-08     4.4
  667.00  0.0014 4.7e-08     4.4
  668.00  0.0015 5.3e-08     4.4
  669.00  0.0015   6e-08     4.5
  670.00  0.0016 6.7e-08     4.5
  671.00  0.0016 7.6e-08     4.5
  672.00  0.0017 7.9e-08     4.4
  673.00  0.0017 7.4e-08     4.1
  674.00  0.0018 2.6e-08     3.1
  675.00  0.0019 2.9e-08     3.1
  676.00  0.0019 3.2e-08     3.1
  677.00   0.002 3.5e-08     3.2
  678.00  0.0021 3.9e-08     3.2
  679.00  0.0022 4.2e-08     3.3
  680.00  0.0022 4.7e-08     3.2
  681.00  0.0023 5.1e-08     3.2
  682.00  0.0024 5.6e-08     3.3
  683.00  0.0025 6.2e-08     3.2
  684.00  0.0026 6.8e-08     3.3
  685.00  0.0026 7.5e-08     3.3
  686.00  0.0027 8.2e-08     3.3
  687.00  0.0028   9e-08     3.3
  688.00  0.0029 9.9e-08     3.3
  689.00   0.003 1.1e-07     3.3
  690.00  0.0031 1.2e-07     3.3
  691.00  0.0032 9.2e-08     2.6
  692.00  0.0033   1e-07     2.6
  693.00  0.0035 1.1e-07     2.6
  694.00  0.0036 1.2e-07     2.6
  695.00  0.0037 7.3e-08     1.5
  696.00  0.0038       0       0
  697.00  0.0039       0       0
  698.00  0.0041       0       0
  699.00  0.0042       0       0
  700.00  0.0043       0       0
  701.00  0.0045       0       0
  702.00  0.0046       0       0
  703.00  0.0048       0       0
  704.00  0.0049       0       0
  705.00  0.0051       0       0
  706.00  0.0053       0       0
  707.00  0.0054       0       0
  708.00  0.0056       0       0
  709.00  0.0058       0       0
  710.00   0.006       0       0
  711.00  0.0061       0       0
  712.00  0.0063       0       0
  713.00  0.0065       0       0
  714.00  0.0067       0       0
  715.00  0.0069       0       0
  716.00  0.0072       0       0
  717.00  0.0074       0       0
  718.00  0.0076       0       0
  719.00 6.2e-06 6.9e-12     7.8
  720.00 1.9e-06 8.9e-11     7.9
  721.00 1.7e-06   5e-11     7.8
  722.00 1.3e-06 1.5e-11       8
  723.00 1.4e-06 1.2e-11     7.9
  724.00 9.6e-07 1.2e-11     7.8
  725.00 2.1e-06 2.7e-11     7.7
  726.00 4.2e-06   6e-11     7.7
  727.00 4.6e-07 1.2e-12     7.8
  728.00 1.2e-06 3.2e-12     7.7
  729.00 2.8e-06 8.3e-12     7.7
  730.00   6e-06   2e-11     7.6
  731.00 1.2e-05 4.1e-11     7.7
  732.00 1.9e-05 7.4e-11     7.7
  733.00 2.9e-05 1.2e-10     7.7
  734.00 3.9e-05 1.9e-10     7.7
  735.00   5e-05 4.1e-10     7.7
  736.00 6.2e-05 1.8e-09     7.8
  737.00 7.5e-05 4.4e-10     7.6
  738.00 3.1e-07 4.9e-12     7.9
  739.00 2.1e-07 5.6e-12     7.8
  740.00 5.2e-07   1e-11     7.8
  741.00 1.2e-06 2.4e-11       8
  742.00 2.5e-06 5.3e-11     7.8
  743.00 4.4e-06 9.9e-11     7.9
  744.00   7e-06 1.6e-10     7.8
  745.00   1e-05 2.4e-10     7.8
  746.00 1.3e-05 3.4e-10     7.7
  747.00 1.6e-05 4.5e-10     7.6
  748.00   2e-05 6.6e-10     7.7
  749.00 1.4e-07 1.3e-12     7.9
  750.00 1.3e-07 7.8e-13     7.8
  751.00  0.0026    0.93     6.9
  752.00 2.1e-07 3.1e-08     7.7
  753.00 2.4e-07   4e-13     7.7
  754.00 4.9e-07 8.4e-13     7.7
  755.00 8.7e-07 1.6e-12     7.9
  756.00 1.4e-06 2.6e-12       8
  757.00   2e-06 3.9e-12     7.9
  758.00  0.0015    0.89     7.6
  759.00 2.3e-07 1.6e-09     8.2
  760.00 4.2e-07 4.9e-13       8
  761.00 8.3e-07   1e-12       8
  762.00 1.4e-06 1.8e-12     7.8
  763.00 2.1e-06 2.8e-12     7.9
  764.00 2.8e-06 3.9e-12     8.1
  765.00 3.5e-06 5.2e-12       8
  766.00 4.3e-06 6.9e-12       8
  767.00   5e-06 1.2e-11     8.1
  768.00 4.8e-07 7.5e-13     8.1
  769.00 1.1e-06 1.8e-12     7.9
  770.00 2.7e-07 3.9e-13       8
  771.00 6.5e-07 9.7e-13       8
  772.00 3.6e-05   0.014     8.1
  773.00 2.2e-07 2.8e-13     8.3
  774.00   0.005     2.3     6.6
  775.00  0.0025     1.6     8.2
  776.00 0.00068    0.47       8
  777.00 1.7e-07 1.1e-10     8.3
  778.00 0.00024    0.16       8
  779.00 3.6e-07 1.2e-12     8.1
  780.00 6.4e-07 2.6e-13       8
  781.00   1e-06 4.3e-13     8.1
  782.00 1.4e-06 6.3e-13     8.1
  783.00 1.9e-06 8.6e-13     8.1
  784.00   0.015     3.8       5
  785.00  0.0024     1.5     8.1
  786.00   2e-06 3.9e-05     8.1
  787.00 2.6e-07 6.7e-14     8.1
  788.00   5e-07 1.3e-13     8.1
  789.00 8.2e-07 2.3e-13       8
  790.00 0.00083    0.61     7.7
  791.00 4.9e-07 2.5e-11     8.1
  792.00  0.0016    0.85     7.4
  793.00 0.00051    0.31       8
  794.00   4e-07 7.5e-12     8.1
  795.00 7.7e-07 2.2e-13     8.2
  796.00 1.3e-06 3.7e-13     8.1
  797.00 1.8e-06 5.5e-13       8
  798.00 2.3e-06 7.4e-13       8
  799.00 2.8e-06 9.7e-13     8.1
  800.00   0.016       4     4.7
  801.00   0.001    0.66       8
  802.00 2.2e-07   2e-10       8
  803.00  0.0033     1.7     6.6
  804.00 4.3e-07 3.1e-09     7.9
  805.00 5.8e-07 1.4e-13       8
  806.00  0.0043     1.9     6.2
  807.00  0.0017     1.1     7.9
  808.00 3.8e-07 2.8e-10     7.9
  809.00 6.9e-07 1.6e-13       8
  810.00 1.1e-06 2.8e-13       8
  811.00  0.0023     1.3       7
  812.00   0.014     4.4     4.7
  813.00 9.6e-07   7e-07       8
  814.00  0.0021    0.94       7
  815.00 4.6e-07 2.9e-10     7.9
  816.00  0.0092     3.2     5.3
  817.00 7.8e-07 9.5e-08     8.1
  818.00 6.1e-07 1.3e-13     8.1
  819.00   0.028     3.8     3.6
  820.00 3.3e-06 1.6e-05       8
  821.00   0.029     3.8     3.7
  822.00   0.016     3.2     8.1
  823.00 1.3e-06 1.4e-06     8.1
  824.00   0.018     3.1     4.3
  825.00 1.4e-06 7.6e-07     8.1
  826.00 3.1e-07 4.5e-14     8.1
  827.00   3e-07 4.3e-14     8.1
  828.00 5.4e-07 8.3e-14     8.1
  829.00 8.6e-07 1.4e-13     8.1
  830.00 1.2e-06   2e-13     8.1
  831.00   0.016     3.3     4.8
  832.00   0.015     2.7     6.7
  833.00 8.4e-07 3.9e-07     8.2
  834.00 3.7e-07 5.4e-14     8.1
  835.00 6.6e-07   1e-13       8
  836.00   0.029     4.3     3.6
  837.00   0.016     3.4     7.7
  838.00 9.9e-07 1.1e-06     8.4
  839.00 2.9e-07 3.9e-14     8.2
  840.00 5.3e-07 7.4e-14     8.2
  841.00 8.3e-07 1.2e-13     8.1
  842.00   0.028     4.5     3.8
  843.00 2.9e-06 7.3e-06     8.1
  844.00 3.1e-07 4.2e-14     8.1
  845.00 5.7e-07 8.2e-14     8.2
  846.00 9.2e-07 1.4e-13     8.2
  847.00 1.3e-06   2e-13     8.2
  848.00 1.7e-06 2.8e-13     8.1
  849.00   2e-06 3.6e-13       8
  850.00 2.3e-06 5.6e-13     8.1
  851.00 2.7e-06 1.6e-12     8.1
  852.00   3e-06 9.8e-12     8.1
  853.00 2.9e-07 5.6e-14     8.1
  854.00 6.5e-07 1.3e-13     8.1
  855.00 1.3e-06 2.7e-13     8.2
  856.00 2.1e-06 4.7e-13     8.2
  857.00 2.9e-06 6.7e-13     8.1
  858.00 3.5e-06 8.8e-13     8.2
  859.00   0.013     1.9     5.9
  860.00 6.1e-07 1.1e-07     8.1
  861.00 4.5e-07 9.8e-14     8.4
  862.00 8.8e-07   2e-13     8.2
  863.00 1.5e-06 3.5e-13     8.1
  864.00   0.024     3.3     4.6
  865.00 1.8e-06 2.4e-06     8.1
  866.00   3e-07   6e-14     8.2
  867.00   6e-07 1.3e-13     8.2
  868.00   1e-06 2.2e-13     8.1
  869.00 3.3e-07 7.4e-14     8.2
  870.00 7.1e-07 1.6e-13     8.1
  871.00 1.3e-06 3.2e-13     8.1
  872.00   2e-06 5.1e-13       8
  873.00 2.7e-06 7.3e-13     8.2
  874.00 3.4e-06 9.6e-13     8.1
  875.00 3.9e-06 1.3e-12     8.2
  876.00 4.5e-06 2.8e-12     8.1
  877.00   5e-06 1.4e-11     8.1
  878.00 5.5e-06 9.8e-11     8.1
  879.00 5.9e-06 2.1e-12     8.1
  880.00   0.029     3.3     4.3
  881.00 2.9e-06 8.1e-06     8.2
  882.00 2.1e-07 5.1e-14     8.2
  883.00 4.4e-07 1.1e-13     8.3
  884.00   8e-07 2.1e-13       8
  885.00 1.3e-06 3.4e-13     8.2
  886.00 1.8e-06   5e-13       8
  887.00 2.3e-06 6.9e-13     8.1
  888.00 2.9e-06 9.5e-13     8.2
  889.00 3.4e-06 1.6e-12     8.3
  890.00   4e-06 5.8e-12     8.1
  891.00 4.5e-06 3.9e-11     8.2
  892.00 5.1e-06 7.5e-11     8.2
  893.00 5.6e-06 2.2e-12     8.2
  894.00 6.2e-06 2.5e-12     8.3
  895.00 6.7e-06 2.9e-12     8.2
  896.00 7.3e-06 3.3e-12     8.2
  897.00 7.8e-06 3.8e-12     8.1
  898.00 8.4e-06 4.4e-12       8
  899.00 8.9e-06 5.2e-12     8.1
  900.00 9.5e-06 6.5e-12     8.3
  901.00   1e-05 8.7e-12     8.1
  902.00 1.1e-05 1.3e-11     8.1
  903.00 1.1e-05 2.2e-11     8.1
  904.00 1.2e-05 4.1e-11     8.2
  905.00 1.3e-05 8.3e-11     8.1
  906.00 1.3e-05 1.8e-10     8.1
  907.00 1.4e-05 3.8e-10     8.1
  908.00 1.5e-05 1.5e-11     8.1
  909.00 1.6e-05 1.9e-11     8.1
  910.00 1.6e-05 2.7e-11       8
  911.00 1.7e-05   4e-11     8.1
  912.00 1.8e-05 6.4e-11       8
  913.00 1.9e-05 1.1e-10       8
  914.00   2e-05 2.1e-11     7.9
  915.00 2.1e-05 2.4e-11       8
  916.00 2.2e-05 2.6e-11       8
  917.00 2.3e-05 2.9e-11     8.1
  918.00 2.4e-05 3.3e-11     8.2
  919.00 2.5e-05 3.7e-11     8.1
  920.00 2.6e-05 4.2e-11     8.1
  921.00 2.8e-05 4.8e-11       8
  922.00 2.9e-05 5.5e-11     8.1
  923.00   3e-05 6.4e-11       8
  924.00 3.1e-05 7.5e-11       8
  925.00 3.3e-05 8.8e-11     7.9
  926.00 3.4e-05 1.1e-10     8.1
  927.00 3.6e-05 1.3e-10     8.2
  928.00 3.8e-05 1.6e-10     7.9
  929.00 3.9e-05   2e-10       8
  930.00 4.1e-05 2.6e-10       8
  931.00 4.3e-05 3.3e-10       8
  932.00 4.5e-05 1.4e-10     8.1
  933.00 4.7e-05 1.6e-10     8.1
  934.00 4.9e-05 1.9e-10     8.1
  935.00 5.1e-05 2.2e-10     7.9
  936.00 5.3e-05 2.6e-10     7.9
  937.00 5.6e-05   3e-10       8
  938.00 5.8e-05 3.6e-10       8
  939.00   6e-05 4.3e-10     7.9
  940.00 6.3e-05 5.2e-10     8.1
  941.00 6.6e-05 6.3e-10     7.9
  942.00 6.9e-05 7.7e-10     8.1
  943.00 7.2e-05 9.5e-10       8
  944.00 7.5e-05 1.2e-09       8
  945.00 7.8e-05 1.5e-09     7.9
  946.00 8.1e-05 1.8e-09     7.8
  947.00 8.5e-05 2.3e-09       8
  948.00 8.8e-05 4.7e-10     7.9
  949.00 9.2e-05 5.2e-10     7.9
  950.00 9.6e-05 5.7e-10       8
  951.00   1e-04 6.3e-10     7.7
  952.00   1e-04 6.9e-10     7.9
  953.00 0.00011 7.5e-10     7.8
  954.00 0.00011 8.3e-10     7.9
  955.00 0.00012 9.1e-10     7.9
  956.00 0.00012   1e-09     7.9
  957.00 0.00013 1.1e-09     7.9
  958.00 0.00013 1.2e-09     7.9
  959.00 0.00014 1.3e-09     8.1
  960.00 0.00014 1.5e-09     7.9
  961.00 0.00015 1.6e-09       8
  962.00 0.00016 1.8e-09       8
  963.00 0.00016 1.9e-09     7.9
  964.00 0.00017 2.1e-09       8
  965.00 0.00018 2.3e-09     7.9
  966.00 0.00018 2.6e-09     7.9
  967.00 0.00019 2.8e-09     7.9
  968.00   2e-04 3.1e-09     7.8
  969.00 0.00021 3.4e-09     7.7
  970.00 0.00022 3.8e-09     7.8
  971.00 0.00022 4.2e-09     7.9
  972.00 0.00023 4.6e-09     7.8
  973.00 0.00024 5.1e-09     7.9
  974.00 0.00025 5.6e-09       8
  975.00 0.00026 6.2e-09     7.9
  976.00 0.00027 6.9e-09       8
  977.00 0.00028 7.6e-09     7.8
  978.00   3e-04 8.4e-09     7.8
  979.00 0.00031 9.3e-09     7.8
  980.00 0.00032   1e-08     7.9
  981.00 0.00033 1.1e-08     7.9
  982.00 0.00034 1.3e-08     7.8
  983.00 0.00036 1.4e-08     7.9
  984.00 0.00037 1.5e-08     7.8
  985.00 0.00039 1.7e-08     7.7
  986.00   4e-04 1.9e-08     7.8
  987.00 0.00042 2.1e-08     7.9
  988.00 0.00043 2.3e-08     7.9
  989.00 0.00045 2.2e-08     7.8
  990.00 0.00047 2.4e-08     7.7
  991.00 0.00049 2.7e-08     7.7
  992.00 0.00051   3e-08     7.7
  993.00 0.00053 2.9e-08     7.6
  994.00 0.00055 3.3e-08     7.6
  995.00 0.00057 3.7e-08     7.6
  996.00 0.00059 4.2e-08     7.6
  997.00 0.00061 4.7e-08     7.6
  998.00 0.00063 5.2e-08     7.7
  999.00 0.00066 5.6e-08     7.5
 1000.00 0.00068 5.8e-08     7.5
 1001.00 0.00071 6.5e-08     7.5
 1002.00 0.00074 7.3e-08     7.4
 1003.00 0.00076 8.3e-08     7.4
 1004.00 0.00079 9.3e-08     7.3
 1005.00 0.00082 9.1e-08       7
 1006.00 0.00085 6.2e-08     6.4
 1007.00 0.00089 6.9e-08     6.5
 1008.00 0.00092 7.8e-08     6.4
 1009.00 0.00095 8.8e-08     6.3
 1010.00 0.00099 3.3e-08     5.1
 1011.00   0.001 3.6e-08     5.1
 1012.00  0.0011   4e-08     5.2
 1013.00  0.0011 4.4e-08     5.1
 1014.00  0.0011 4.9e-08     5.2
 1015.00  0.0012 5.4e-08     5.2
 1016.00  0.0012 5.9e-08     5.3
 1017.00  0.0013 6.6e-08     5.3
 1018.00  0.0013 6.7e-08       5
 1019.00  0.0014 7.4e-08     5.2
 1020.00  0.0014 8.2e-08     5.2
 1021.00  0.0015 5.9e-08     4.5
 1022.00  0.0015   6e-08     4.4
 1023.00  0.0016 6.6e-08     4.5
 1024.00  0.0016 5.7e-08     4.1
 1025.00  0.0017 6.4e-08     4.1
 1026.00  0.0017 7.2e-08     4.2
 1027.00  0.0018 2.7e-08     3.1
 1028.00  0.0019 2.9e-08     3.1
 1029.00  0.0019 3.2e-08     3.1
 1030.00   0.002 3.5e-08     3.1
 1031.00  0.0021 3.9e-08     3.1
 1032.00  0.0021 4.3e-08     3.2
 1033.00  0.0022 4.7e-08     3.2
 1034.00  0.0023 5.2e-08     3.1
 1035.00  0.0024 5.7e-08     3.2
 1036.00  0.0025 6.2e-08     3.2
 1037.00  0.0025 6.8e-08     3.2
 1038.00  0.0026 7.5e-08     3.2
 1039.00  0.0027 8.3e-08     3.3
 1040.00  0.0028 9.1e-08     3.2
 1041.00  0.0029 9.9e-08     3.2
 1042.00   0.003 1.1e-07     3.3
 1043.00  0.0031 1.2e-07     3.3
 1044.00  0.0032 9.2e-08     2.6
 1045.00  0.0033   1e-07     2.5
 1046.00  0.0034 1.1e-07     2.5
 1047.00  0.0035 1.2e-07     2.6
 1048.00  0.0037 5.5e-08     1.1
 1049.00  0.0038       0       0
 1050.00  0.0039       0       0
 1051.00   0.004       0       0
 1052.00  0.0042       0       0
 1053.00  0.0043       0       0
 1054.00  0.0044       0       0
 1055.00  0.0046       0       0
 1056.00  0.0047       0       0
 1057.00  0.0049       0       0
 1058.00   0.005       0       0
 1059.00  0.0052       0       0
 1060.00  0.0054       0       0
 1061.00  0.0055       0       0
 1062.00  0.0057       0       0
 1063.00  0.0059       0       0
 1064.00  0.0061       0       0
 1065.00  0.0062       0       0
 1066.00  0.0064       0       0
 1067.00  0.0066       0       0
 1068.00  0.0068       0       0
 1069.00   0.007       0       0
 1070.00  0.0072       0       0
 1071.00  0.0075       0       0
 1072.00  0.0077       0       0
 1073.00  0.0079       0       0
 1074.00  0.0082       0       0
 1075.00  0.0084       0       0
 1076.00  0.0086       0       0
 1077.00  0.0089       0       0
 1078.00  0.0091       0       0
 1079.00  0.0094       0       0
 1080.00  0.0097       0       0
 1081.00    0.01       0       0
 1082.00    0.01       0       0
 1083.00   0.011       0       0
 1084.00   0.011       0       0
 1085.00   0.011       0       0
 1086.00   0.011       0       0
 1087.00   0.012       0       0
 1088.00   0.012       0       0
 1089.00   0.012       0       0
 1090.00   0.013       0       0
 1091.00   0.013       0       0
 1092.00   0.013       0       0
 1093.00   0.014       0       0
 1094.00   0.014       0       0
 1095.00   0.015       0       0
 1096.00   0.015       0       0
 1097.00   0.015       0       0
 1098.00   0.016       0       0
 1099.00   0.016       0       0
 1100.00   0.016       0       0
 1101.00   0.017       0       0
 1102.00   0.017       0       0
 1103.00   0.018       0       0
 1104.00   0.018       0       0
 1105.00   0.003    0.99     7.1
 1106.00 2.2e-07 1.3e-07       8
 1107.00 2.7e-07 1.3e-12     7.9
 1108.00 5.7e-07 2.9e-12       8
 1109.00 1.1e-06 5.7e-12       8
 1110.00 4.8e-07 2.4e-12       8
 1111.00 1.6e-07 5.2e-13     8.1
 1112.00 3.8e-07 1.3e-12       8
 1113.00 5.3e-07 1.8e-12     8.1
 1114.00 1.5e-07 3.6e-13     8.4
 1115.00 3.6e-07   9e-13     8.2
 1116.00 7.7e-07   2e-12     8.1
 1117.00 1.4e-06   4e-12       8
 1118.00 2.3e-06 6.7e-12       8
 1119.00 3.4e-06   1e-11       8
 1120.00 4.4e-06 1.4e-11     7.9
 1121.00 5.5e-06 1.8e-11       8
 1122.00 6.5e-06 2.5e-11       8
 1123.00 7.6e-06 4.9e-11       8
 1124.00 8.7e-06 2.1e-10     7.9
 1125.00 9.8e-06 3.9e-11     7.9
 1126.00 1.1e-05 4.5e-11     7.9
 1127.00 1.2e-05 5.2e-11     8.1
 1128.00 1.3e-05   6e-11     8.2
 1129.00 1.4e-05 6.8e-11     8.1
 1130.00 1.5e-05 7.8e-11       8
 1131.00 1.7e-05 8.9e-11     8.1
 1132.00 1.8e-05   1e-10       8
 1133.00 1.9e-05 1.2e-10     8.2
 1134.00 4.2e-07 2.1e-12     8.1
 1135.00   1e-06 5.5e-12       8
 1136.00 2.4e-06 1.3e-11       8
 1137.00 4.8e-06 2.7e-11     7.9
 1138.00 8.1e-06 4.9e-11     7.9
 1139.00 1.2e-05 7.4e-11     7.8
 1140.00 6.3e-07 3.8e-12     7.9
 1141.00 5.3e-05   0.032     8.1
 1142.00 2.1e-07 7.7e-13     7.9
 1143.00 4.8e-07 1.2e-12     8.2
 1144.00   3e-07 6.8e-13     8.1
 1145.00 1.1e-07 1.7e-13       8
 1146.00 2.6e-07 4.1e-13     8.1
 1147.00 5.7e-07 9.5e-13     7.9
 1148.00 1.1e-06 1.9e-12       8
 1149.00 2.5e-07 3.8e-13     8.1
 1150.00 5.8e-07 9.2e-13     8.1
 1151.00 1.2e-06   2e-12     8.2
 1152.00 2.1e-06 3.6e-12     8.1
 1153.00 3.2e-06 5.7e-12       8
 1154.00   2e-07 2.8e-13       8
 1155.00   0.023     3.6     4.4
 1156.00 1.6e-06 8.8e-06       8
 1157.00 0.00074    0.49     7.7
 1158.00 1.9e-07 1.7e-10     8.1
 1159.00   0.024     3.8     4.2
 1160.00 2.4e-06 9.9e-06       8
 1161.00 1.5e-07 3.5e-14     8.2
 1162.00 2.2e-07 5.1e-14     8.2
 1163.00 4.1e-07 9.9e-14     8.1
 1164.00   2e-04   0.092       8
 1165.00 3.9e-07 5.5e-13       8
 1166.00 6.9e-07 1.7e-13       8
 1167.00 1.1e-06 2.7e-13     8.1
 1168.00 5.7e-05   0.014     8.4
 1169.00 5.2e-07 1.7e-13     8.1
 1170.00   2e-04    0.11       8
 1171.00  0.0029     1.5     6.8
 1172.00 3.3e-07 7.4e-09     8.1
 1173.00 0.00058    0.39     7.7
 1174.00   4e-07 1.7e-11     8.1
 1175.00  0.0093     3.1     5.2
 1176.00 7.5e-07 2.4e-07     8.1
 1177.00  0.0078     2.7     5.4
 1178.00 6.7e-07 1.2e-07       8
 1179.00 3.9e-07 7.1e-14       8
 1180.00 2.8e-06 2.2e-05     8.1
 1181.00 6.2e-07 1.2e-13       8
 1182.00 0.00032    0.19     7.9
 1183.00 5.6e-07 1.3e-12     8.2
 1184.00  0.0023    0.89       7
 1185.00 3.3e-07 6.2e-10       8
 1186.00   0.019     4.2     4.1
 1187.00  0.0063     1.8     8.1
 1188.00 5.4e-07   1e-07       8
 1189.00 4.5e-05   0.013       8
 1190.00   0.014     3.5     4.7
 1191.00 1.1e-06 7.4e-07     8.1
 1192.00 3.5e-07   5e-14     8.1
 1193.00 6.1e-07 9.1e-14       8
 1194.00 9.3e-07 1.4e-13       8
 1195.00 1.3e-06 2.1e-13       8
 1196.00 1.5e-05  0.0013       8
 1197.00  0.0049     1.8     6.5
 1198.00 4.9e-07 2.7e-08     8.1
 1199.00 5.2e-07 8.4e-14     8.1
 1200.00 9.1e-07 1.6e-13     8.3
 1201.00 1.4e-06 2.5e-13     8.1
 1202.00 1.8e-06 3.4e-13     8.1
 1203.00 2.3e-06 4.5e-13     8.1
 1204.00 2.6e-06 6.1e-13       8
 1205.00 4.9e-05  0.0054     8.2
 1206.00 5.1e-07 1.5e-13       8
 1207.00   1e-06 2.2e-13       8
 1208.00 1.7e-06 3.9e-13       8
 1209.00 2.5e-06 5.8e-13       8
 1210.00 3.1e-06 7.8e-13     8.1
 1211.00 3.7e-06   1e-12       8
 1212.00 4.2e-06 1.6e-12     8.1
 1213.00 4.6e-06 5.3e-12       8
 1214.00   5e-06 3.4e-11     8.1
 1215.00 5.4e-06 2.6e-10     8.1
 1216.00  0.0016    0.42     7.7
 1217.00 0.00034    0.14     8.1
 1218.00 2.1e-07 6.6e-11     8.1
 1219.00 4.3e-07 1.1e-13     8.1
 1220.00 8.2e-07 2.1e-13     8.1
 1221.00 1.4e-06 3.6e-13     8.1
 1222.00   2e-06 5.5e-13       8
 1223.00 2.6e-06 7.7e-13     8.2
 1224.00 3.2e-06   1e-12     8.1
 1225.00 3.8e-06 1.6e-12     8.1
 1226.00 4.4e-06 5.1e-12       8
 1227.00 4.9e-06 3.2e-11     8.1
 1228.00 5.5e-06 2.5e-10       8
 1229.00 6.1e-06 2.4e-12       8
 1230.00 6.6e-06 2.7e-12     8.1
 1231.00 4.3e-07 1.8e-13     8.1
 1232.00   1e-06 4.4e-13     8.1
 1233.00 2.1e-06 9.5e-13     8.1
 1234.00 3.7e-06 1.7e-12       8
 1235.00 2.6e-07 1.1e-13       8
 1236.00 6.2e-07 2.9e-13     8.1
 1237.00 1.3e-06 6.5e-13       8
 1238.00 3.7e-06   3e-04     8.1
 1239.00 2.8e-07 1.2e-13     8.1
 1240.00 6.4e-07 2.8e-13     8.1
 1241.00 1.3e-06 5.7e-13     8.1
 1242.00 2.1e-06   1e-12     8.1
 1243.00 3.1e-06 1.6e-12     8.1
 1244.00 4.1e-06 2.2e-12     8.1
 1245.00 5.1e-06 2.9e-12     8.1
 1246.00 6.1e-06 4.7e-12     8.1
 1247.00   7e-06 1.5e-11     8.1
 1248.00 7.8e-06 9.4e-11       8
 1249.00 8.7e-06 5.7e-12     8.1
 1250.00 9.5e-06 6.6e-12     8.1
 1251.00   1e-05 7.6e-12       8
 1252.00 1.1e-05 8.7e-12       8
 1253.00 1.2e-05   1e-11     8.1
 1254.00 1.3e-05 1.2e-11     8.1
 1255.00 1.4e-05 1.4e-11     8.1
 1256.00 1.5e-05 1.8e-11     8.1
 1257.00 1.6e-05 2.6e-11     8.2
 1258.00 1.6e-05 4.1e-11     7.9
 1259.00 1.7e-05 7.2e-11     8.3
 1260.00 1.8e-05 1.4e-10     8.1
 1261.00 1.9e-05 2.9e-10     8.1
 1262.00   2e-05 1.2e-10       8
 1263.00 2.1e-05 3.2e-11       8
 1264.00 2.3e-05 3.9e-11       8
 1265.00 2.4e-05 4.9e-11       8
 1266.00 2.5e-05 6.8e-11       8
 1267.00 2.6e-05 9.9e-11       8
 1268.00 2.8e-05 1.6e-10       8
 1269.00 2.9e-05 5.2e-11     8.1
 1270.00   3e-05 5.8e-11       8
 1271.00 3.2e-05 6.5e-11     8.1
 1272.00 3.3e-05 7.3e-11     8.1
 1273.00 3.5e-05 8.3e-11     8.1
 1274.00 3.6e-05 9.5e-11     8.1
 1275.00 3.8e-05 1.1e-10       8
 1276.00   4e-05 1.3e-10     8.1
 1277.00 4.2e-05 1.5e-10       8
 1278.00 4.4e-05 1.8e-10       8
 1279.00 4.6e-05 2.2e-10       8
 1280.00 4.8e-05 2.6e-10     8.2
 1281.00   5e-05 3.3e-10       8
 1282.00 5.2e-05 4.1e-10     7.9
 1283.00 5.5e-05 5.3e-10       8
 1284.00 5.7e-05 2.4e-10       8
 1285.00 5.9e-05 2.7e-10     7.9
 1286.00 6.2e-05 3.1e-10     7.9
 1287.00 6.5e-05 3.5e-10       8
 1288.00 6.8e-05 4.1e-10     8.1
 1289.00 7.1e-05 4.7e-10     7.9
 1290.00 7.4e-05 5.5e-10       8
 1291.00 7.7e-05 6.5e-10     8.1
 1292.00   8e-05 7.7e-10     7.9
 1293.00 8.4e-05 9.2e-10       8
 1294.00 8.7e-05 1.1e-09       8
 1295.00 9.1e-05 1.3e-09     7.9
 1296.00 9.5e-05 1.6e-09       8
 1297.00 9.9e-05   2e-09       8
 1298.00   1e-04 2.5e-09     7.9
 1299.00 0.00011 3.1e-09       8
 1300.00 0.00011 3.9e-09     8.1
 1301.00 0.00012 9.4e-10       8
 1302.00 0.00012   1e-09       8
 1303.00 0.00013 1.1e-09       8
 1304.00 0.00013 1.2e-09     7.9
 1305.00 0.00014 1.4e-09     7.9
 1306.00 0.00014 1.5e-09     7.9
 1307.00 0.00015 1.7e-09     7.9
 1308.00 0.00016 1.8e-09       8
 1309.00 0.00016   2e-09     7.9
 1310.00 0.00017 2.2e-09     7.8
 1311.00 0.00017 2.4e-09     7.9
 1312.00 0.00018 2.7e-09     7.9
 1313.00 0.00019 2.9e-09     7.9
 1314.00   2e-04 3.2e-09     8.1
 1315.00 0.00021 3.5e-09     8.1
 1316.00 0.00021 3.9e-09     7.9
 1317.00 0.00022 4.3e-09     7.9
 1318.00 0.00023 4.7e-09       8
 1319.00 0.00024 5.2e-09     7.9
 1320.00 0.00025 5.7e-09     7.8
 1321.00 0.00026 6.3e-09     7.8
 1322.00 0.00027   7e-09     7.9
 1323.00 0.00028 7.7e-09     7.9
 1324.00 0.00029 8.5e-09     7.8
 1325.00   3e-04 9.4e-09     7.9
 1326.00 0.00032   1e-08     7.9
 1327.00 0.00033 1.1e-08     7.9
 1328.00 0.00034 1.3e-08     7.9
 1329.00 0.00036 1.4e-08     7.8
 1330.00 0.00037 1.6e-08     7.9
 1331.00 0.00038 1.7e-08     7.9
 1332.00   4e-04 1.9e-08     7.8
 1333.00 0.00042 2.1e-08     7.9
 1334.00 0.00043 2.3e-08     7.9
 1335.00 0.00045 2.6e-08     7.8
 1336.00 0.00047 2.4e-08     7.8
 1337.00 0.00048 2.7e-08     7.7
 1338.00   5e-04   3e-08     7.8
 1339.00 0.00052 3.4e-08     7.7
 1340.00 0.00054 3.3e-08     7.7
 1341.00 0.00056 3.7e-08     7.6
 1342.00 0.00058 3.7e-08     7.5
 1343.00 0.00061 4.2e-08     7.6
 1344.00 0.00063 4.7e-08     7.5
 1345.00 0.00065   5e-08     7.4
 1346.00 0.00068 5.7e-08     7.5
 1347.00   7e-04 6.4e-08     7.4
 1348.00 0.00073 7.2e-08     7.5
 1349.00 0.00076 8.1e-08     7.5
 1350.00 0.00079 9.2e-08     7.4
 1351.00 0.00082   1e-07     7.4
 1352.00 0.00085   1e-07     7.1
 1353.00 0.00088 1.1e-07     7.2
 1354.00 0.00091 8.6e-08     6.2
 1355.00 0.00095 3.2e-08       5
 1356.00 0.00098 3.6e-08     5.2
 1357.00   0.001 3.9e-08     5.2
 1358.00  0.0011 4.3e-08     5.2
 1359.00  0.0011 4.8e-08     5.1
 1360.00  0.0011 5.3e-08     5.2
 1361.00  0.0012 3.7e-08     4.6
 1362.00  0.0012 4.1e-08     4.8
 1363.00  0.0013 4.6e-08     4.8
 1364.00  0.0013 5.1e-08     4.8
 1365.00  0.0014 5.7e-08     4.8
 1366.00  0.0014 5.8e-08     4.7
 1367.00  0.0015 6.4e-08     4.7
 1368.00  0.0015 7.2e-08     4.7
 1369.00  0.0016 5.8e-08     4.4
 1370.00  0.0016 5.9e-08     4.3
 1371.00  0.0017 6.6e-08     4.3
 1372.00  0.0017 2.2e-08     3.2
 1373.00  0.0018 2.4e-08     3.2
 1374.00  0.0019 2.7e-08     3.2
 1375.00  0.0019 2.9e-08     3.3
 1376.00   0.002 3.2e-08     3.3
 1377.00  0.0021 3.6e-08     3.3
 1378.00  0.0021 3.9e-08     3.3
 1379.00  0.0022 4.3e-08     3.3
 1380.00  0.0023 4.7e-08     3.3
 1381.00  0.0024 5.2e-08     3.3
 1382.00  0.0024 5.7e-08     3.3
 1383.00  0.0025 6.3e-08     3.4
 1384.00  0.0026 6.9e-08     3.4
 1385.00  0.0027 7.5e-08     3.3
 1386.00  0.0028 8.3e-08     3.4
 1387.00  0.0029 9.1e-08     3.4
 1388.00   0.003   1e-07     3.4
 1389.00  0.0031 1.1e-07     3.4
 1390.00  0.0032 8.2e-08     2.7
 1391.00  0.0033   9e-08     2.7
 1392.00  0.0034 9.8e-08     2.7
 1393.00  0.0035 1.1e-07     2.7
 1394.00  0.0036 1.2e-07     2.7
 1395.00  0.0038 5.2e-08     1.2
 1396.00  0.0039 5.7e-08     1.2
 1397.00   0.004       0       0
 1398.00  0.0041       0       0
 1399.00  0.0043       0       0
 1400.00  0.0044       0       0
 1401.00  0.0046       0       0
 1402.00  0.0047       0       0
 1403.00  0.0049       0       0
 1404.00   0.005       0       0
 1405.00  0.0052       0       0
 1406.00  0.0053       0       0
 1407.00  0.0055       0       0
 1408.00  0.0057       0       0
 1409.00  0.0058       0       0
 1410.00   0.006       0       0
 1411.00  0.0062       0       0
 1412.00  0.0064       0       0
 1413.00  0.0066       0       0
 1414.00  0.0068       0       0
 1415.00   0.007       0       0
 1416.00  0.0072       0       0
 1417.00  0.0074       0       0
 1418.00  0.0077       0       0
 1419.00  0.0079       0       0
 1420.00  0.0081       0       0
 1421.00  0.0084       0       0
 1422.00  0.0086       0       0
 1423.00  0.0089       0       0
 1424.00  0.0091       0       0
 1425.00  0.0094       0       0
 1426.00  0.0097       0       0
 1427.00  0.0099       0       0
 1428.00    0.01       0       0
 1429.00   0.011       0       0
 1430.00   0.011       0       0
 1431.00   0.011       0       0
 1432.00   0.011       0       0
 1433.00   0.012       0       0
 1434.00   0.012       0       0
 1435.00   0.012       0       0
 1436.00   0.013       0       0
 1437.00   0.013       0       0
 1438.00   0.013       0       0
 1439.00   0.014       0       0
 1440.00   0.014       0       0
 1441.00   0.015       0       0
 1442.00   0.015       0       0
 1443.00   0.015       0       0
 1444.00   0.016       0       0
 1445.00   0.016       0       0
 1446.00   0.017       0       0
 1447.00   0.017       0       0
 1448.00   0.017       0       0
 1449.00   0.018       0       0
 1450.00   0.018       0       0
 1451.00   0.019       0       0
 1452.00   0.019       0       0
 1453.00    0.02       0       0
 1454.00    0.02       0       0
 1455.00   0.021       0       0
 1456.00   0.023       0       0
 1457.00   0.023       0       0
 1458.00   0.024       0       0
 1459.00   0.024       0       0
 1460.00   0.025       0       0
 1461.00 1.6e-07 4.7e-12     8.1
 1462.00 3.9e-07 1.2e-11     7.9
 1463.00 9.3e-07 2.1e-11       8
 1464.00   2e-06 4.8e-11     7.8
 1465.00 3.7e-06 6.6e-11     7.8
 1466.00 6.1e-06 1.1e-10     7.9
 1467.00   9e-06 1.7e-10     7.8
 1468.00  0.0032     1.1       7
 1469.00 0.00018    0.13     7.9
 1470.00 1.2e-07 2.9e-11       8
 1471.00 2.6e-07 4.4e-13       8
 1472.00 5.2e-07 9.1e-13       8
 1473.00   9e-07 1.6e-12     7.9
 1474.00 1.4e-06 2.7e-12     7.9
 1475.00   2e-06 3.9e-12     7.9
 1476.00 2.6e-06 5.4e-12       8
 1477.00 3.3e-06 7.3e-12       8
 1478.00   4e-06   1e-11       8
 1479.00 4.7e-06 2.1e-11     7.8
 1480.00 5.5e-06 9.8e-11     7.8
 1481.00 6.4e-06 1.7e-11     7.9
 1482.00 7.2e-06   2e-11     7.9
 1483.00 8.1e-06 2.3e-11     7.9
 1484.00 8.9e-06 2.7e-11     7.9
 1485.00 9.8e-06 3.1e-11     7.9
 1486.00 1.1e-05 3.6e-11     7.9
 1487.00 1.2e-05 4.1e-11       8
 1488.00 1.3e-05 4.7e-11       8
 1489.00   0.028     2.5     4.2
 1490.00 2.4e-06   1e-05       8
 1491.00 1.3e-07 6.5e-14       8
 1492.00   0.012     2.6     5.6
 1493.00 7.3e-07 7.2e-07     8.1
 1494.00   0.017     2.7       5
 1495.00 1.3e-06   2e-06       8
 1496.00 1.6e-07 3.1e-14       8
 1497.00   3e-07 6.1e-14     8.2
 1498.00 4.9e-07   1e-13     8.1
 1499.00 7.2e-07 1.6e-13     8.1
 1500.00 9.7e-07 2.3e-13       8
 1501.00 2.5e-07 5.7e-14       8
 1502.00 5.2e-07 1.2e-13     8.2
 1503.00 9.2e-07 2.3e-13       8
 1504.00 1.4e-06 3.6e-13       8
 1505.00  0.0016    0.86     7.3
 1506.00 2.7e-07 7.5e-10       8
 1507.00 4.5e-07   1e-13       8
 1508.00 8.2e-07   2e-13     8.1
 1509.00 1.3e-06 3.3e-13     8.1
 1510.00 1.8e-06 4.8e-13     8.1
 1511.00   0.032     4.5     3.5
 1512.00 5.3e-06   4e-05     8.1
 1513.00 1.2e-07 2.1e-14     8.1
 1514.00 2.4e-07 3.5e-14     8.1
 1515.00 0.00019   0.095     7.9
 1516.00 3.5e-07 4.5e-13       8
 1517.00 6.1e-07 9.8e-14       8
 1518.00 9.2e-07 1.5e-13     8.2
 1519.00  0.0014    0.63     7.2
 1520.00 3.3e-07 1.9e-10     8.1
 1521.00 5.9e-07 9.8e-14       8
 1522.00 9.9e-07 1.7e-13     7.9
 1523.00 1.4e-06 2.6e-13     8.1
 1524.00 3.5e-07 6.4e-14       8
 1525.00 7.3e-07 1.4e-13     7.9
 1526.00 1.3e-06 2.6e-13     7.9
 1527.00   3e-07   6e-14     7.9
 1528.00 5.4e-05    0.02     7.9
 1529.00 4.2e-07 1.2e-13       8
 1530.00 8.5e-07 1.8e-13     7.9
 1531.00 1.4e-06 3.2e-13     7.9
 1532.00 2.1e-06 4.9e-13     8.1
 1533.00   0.022     3.5     4.3
 1534.00   2e-06 3.9e-06     8.1
 1535.00 0.00056    0.29     7.7
 1536.00   0.004     1.8     6.4
 1537.00  0.0018    0.97     8.2
 1538.00 3.1e-07 8.2e-10     8.1
 1539.00 4.8e-07 7.4e-14     7.9
 1540.00 5.3e-05  0.0095     7.9
 1541.00   0.019     4.2       4
 1542.00 1.6e-06 2.7e-06     8.1
 1543.00 2.9e-07 4.1e-14       8
 1544.00 5.4e-07 8.1e-14       8
 1545.00 8.8e-07 1.4e-13     8.1
 1546.00   0.033     4.8     3.5
 1547.00   0.011     2.3     8.5
 1548.00 8.4e-07   7e-07     8.2
 1549.00 1.7e-07 1.8e-14     7.9
 1550.00 3.2e-07 3.5e-14     7.9
 1551.00 5.2e-07   6e-14     7.7
 1552.00 7.6e-07 9.2e-14     7.7
 1553.00  0.0018    0.76     7.4
 1554.00 4.3e-07 8.5e-10     8.1
 1555.00 6.4e-07 8.1e-14     8.2
 1556.00   0.002     0.7     7.6
 1557.00   0.011     2.4     5.4
 1558.00 7.2e-07 2.6e-07       8
 1559.00 3.6e-07 4.3e-14     8.2
 1560.00 6.5e-07   8e-14     8.2
 1561.00   1e-06 1.3e-13     8.3
 1562.00 1.4e-06 1.8e-13     8.3
 1563.00 1.7e-06 2.4e-13     8.4
 1564.00   2e-06 3.3e-13     8.5
 1565.00 2.3e-06 5.9e-13     8.2
 1566.00 2.6e-07   4e-14     8.7
 1567.00 5.8e-07 9.4e-14     8.2
 1568.00 1.1e-06 1.9e-13     8.5
 1569.00 1.8e-06 3.2e-13     8.2
 1570.00 2.5e-06 4.6e-13     7.9
 1571.00 2.8e-07   5e-14     8.3
 1572.00 6.3e-07 1.2e-13     7.8
 1573.00   0.022     3.3     4.9
 1574.00   0.025     3.7     4.7
 1575.00   0.028     3.6     4.3
 1576.00   0.021     1.9     8.2
 1577.00  0.0047    0.35     7.4
 1578.00   0.023     2.2     4.8
 1579.00   0.012     1.1     8.3
 1580.00 9.5e-07   2e-07     8.1
 1581.00 1.8e-07 1.4e-14     8.4
 1582.00 3.2e-07 2.5e-14     8.3
 1583.00 4.8e-07 3.9e-14       8
 1584.00 6.7e-07 5.7e-14       8
 1585.00 8.6e-07 7.6e-14     8.1
 1586.00 1.1e-06   1e-13     8.1
 1587.00 1.2e-06 1.6e-13     8.2
 1588.00 1.4e-06   5e-13     8.1
 1589.00 1.7e-06 3.2e-12     8.2
 1590.00 1.9e-06 2.5e-11     8.1
 1591.00 2.1e-06 2.4e-13     7.8
 1592.00 2.3e-06 2.8e-13       8
 1593.00 2.5e-06 3.2e-13     8.1
 1594.00 2.7e-06 3.6e-13     8.2
 1595.00 2.9e-06 4.1e-13     8.2
 1596.00 3.1e-06 4.7e-13     8.1
 1597.00 3.3e-06 5.4e-13     7.9
 1598.00 1.3e-05 0.00072       8
 1599.00 2.5e-07 4.2e-14     7.9
 1600.00 5.5e-07 8.1e-14     7.8
 1601.00   1e-06 1.6e-13     8.1
 1602.00 8.7e-07 7.8e-06     8.4
 1603.00 2.7e-07   4e-14     8.3
 1604.00 5.8e-07 8.9e-14     8.1
 1605.00 1.4e-07 2.1e-14     8.2
 1606.00 3.3e-07   5e-14     7.7
 1607.00 6.8e-07 1.1e-13     7.9
 1608.00 1.2e-06   2e-13     7.8
 1609.00 1.8e-06 3.1e-13     7.6
 1610.00 2.4e-06 4.3e-13       8
 1611.00 2.9e-06 5.7e-13       8
 1612.00 3.4e-06 8.3e-13       8
 1613.00 2.9e-07 5.7e-14     8.1
 1614.00 6.7e-07 1.4e-13     7.8
 1615.00 1.3e-06 2.9e-13     8.1
 1616.00 2.3e-06 5.1e-13     8.1
 1617.00 3.2e-06 7.7e-13     8.3
 1618.00 4.1e-06   1e-12     8.4
 1619.00 4.8e-06 1.4e-12     8.2
 1620.00 5.4e-06 2.5e-12     8.2
 1621.00 5.9e-06   1e-11     8.2
 1622.00 6.4e-06   7e-11     8.3
 1623.00 6.9e-06   1e-10     8.3
 1624.00 7.4e-06 2.5e-12     8.2
 1625.00 7.9e-06   3e-12     8.1
 1626.00 8.4e-06 3.6e-12     8.2
 1627.00 8.9e-06 4.7e-12     8.3
 1628.00 9.4e-06 6.7e-12     8.2
 1629.00 9.9e-06 1.1e-11     8.2
 1630.00   1e-05 1.9e-11     8.1
 1631.00 1.1e-05 3.8e-11     8.1
 1632.00 1.2e-05 7.8e-11     7.9
 1633.00 1.2e-05 1.7e-10     7.9
 1634.00 1.3e-05 2.9e-10       8
 1635.00 1.3e-05   1e-11     8.1
 1636.00 1.4e-05 1.3e-11     8.1
 1637.00 1.5e-05 1.9e-11     8.2
 1638.00 1.6e-05 2.9e-11     8.2
 1639.00 1.6e-05 4.7e-11     8.3
 1640.00 1.7e-05   8e-11     8.2
 1641.00 1.8e-05 1.5e-11     8.3
 1642.00 1.9e-05 1.7e-11     8.3
 1643.00 1.5e-07 2.7e-11     8.5
 1644.00 2.7e-07 1.5e-13     8.2
 1645.00 6.3e-07 3.8e-13       8
 1646.00 1.3e-06 8.2e-13     7.9
 1647.00 2.4e-06 1.5e-12       8
 1648.00 3.7e-06 2.5e-12     8.2
 1649.00 5.1e-06 3.7e-12     8.2
 1650.00 6.6e-06 5.1e-12     8.1
 1651.00   8e-06 7.7e-12     8.2
 1652.00 9.3e-06   2e-11     8.2
 1653.00 1.1e-05 1.1e-10     8.2
 1654.00 1.2e-05   2e-10     8.4
 1655.00 1.3e-05 1.3e-11     8.4
 1656.00 1.5e-05 1.5e-11     8.2
 1657.00 1.6e-05 1.7e-11     8.3
 1658.00 1.7e-05 1.9e-11     8.2
 1659.00 1.9e-05 2.3e-11     8.1
 1660.00   2e-05 2.7e-11     8.1
 1661.00 2.1e-05 3.5e-11     8.2
 1662.00 2.2e-05 4.7e-11     8.1
 1663.00 2.4e-05 7.3e-11     8.1
 1664.00 2.5e-05 1.3e-10     8.4
 1665.00 2.7e-05 2.4e-10     8.5
 1666.00 2.8e-05 4.9e-10     8.5
 1667.00   3e-05 5.4e-11     8.2
 1668.00 3.1e-05 6.3e-11     8.2
 1669.00 3.3e-05 7.5e-11     8.1
 1670.00 3.5e-05 9.4e-11     8.2
 1671.00 3.6e-05 1.2e-10     8.2
 1672.00 3.8e-05 1.8e-10     8.2
 1673.00   4e-05 2.7e-10     8.3
 1674.00 4.2e-05 1.1e-10     8.3
 1675.00 4.4e-05 1.2e-10     8.2
 1676.00 4.6e-05 1.4e-10     8.1
 1677.00 4.8e-05 1.5e-10     8.2
 1678.00 5.1e-05 1.8e-10     8.1
 1679.00 5.3e-05   2e-10       8
 1680.00 5.6e-05 2.4e-10       8
 1681.00 5.8e-05 2.8e-10     7.9
 1682.00 6.1e-05 3.3e-10       8
 1683.00 6.3e-05   4e-10     8.1
 1684.00 6.6e-05 4.9e-10     8.2
 1685.00 6.9e-05 6.2e-10     8.2
 1686.00 7.2e-05 7.8e-10     8.2
 1687.00 7.6e-05   4e-10     8.3
 1688.00 7.9e-05 4.6e-10     8.3
 1689.00 8.2e-05 5.2e-10     8.2
 1690.00 8.6e-05 5.9e-10     8.1
 1691.00   9e-05 6.9e-10     8.1
 1692.00 9.4e-05 7.9e-10     8.2
 1693.00 9.8e-05 9.3e-10     8.2
 1694.00   1e-04 1.1e-09     8.1
 1695.00 0.00011 1.3e-09     8.1
 1696.00 0.00011 1.5e-09     8.1
 1697.00 0.00012 1.8e-09     8.2
 1698.00 0.00012 2.2e-09     8.1
 1699.00 0.00013 2.7e-09     8.1
 1700.00 0.00013 3.3e-09     8.1
 1701.00 0.00014 4.1e-09     8.1
 1702.00 0.00014 5.1e-09     8.2
 1703.00 0.00015 1.5e-09       8
 1704.00 0.00015 1.7e-09       8
 1705.00 0.00016 1.8e-09     7.8
 1706.00 0.00017   2e-09     7.7
 1707.00 0.00017 2.2e-09     7.9
 1708.00 0.00018 2.5e-09     7.8
 1709.00 0.00019 2.7e-09       8
 1710.00   2e-04   3e-09     7.9
 1711.00   2e-04 3.3e-09       8
 1712.00 0.00021 3.6e-09     7.8
 1713.00 0.00022   4e-09       8
 1714.00 0.00023 4.4e-09       8
 1715.00 0.00024 4.9e-09     8.1
 1716.00 0.00025 5.4e-09     8.1
 1717.00 0.00026 5.9e-09     8.1
 1718.00 0.00027 6.5e-09     7.9
 1719.00 0.00028 7.2e-09       8
 1720.00 0.00029   8e-09       8
 1721.00   3e-04 8.8e-09       8
 1722.00 0.00032 9.8e-09       8
 1723.00 0.00033 1.1e-08     7.9
 1724.00 0.00034 1.2e-08     7.9
 1725.00 0.00035 1.3e-08       8
 1726.00 0.00037 1.5e-08     7.9
 1727.00 0.00038 1.6e-08       8
 1728.00   4e-04 1.8e-08       8
 1729.00 0.00041   2e-08       8
 1730.00 0.00043 2.2e-08     7.9
 1731.00 0.00045 2.5e-08     7.9
 1732.00 0.00046 2.3e-08     7.9
 1733.00 0.00048 2.6e-08     7.8
 1734.00   5e-04 2.9e-08     7.9
 1735.00 0.00052 3.2e-08     7.8
 1736.00 0.00054 3.6e-08     7.8
 1737.00 0.00056 3.6e-08     7.7
 1738.00 0.00058   4e-08     7.8
 1739.00   6e-04 4.5e-08     7.7
 1740.00 0.00063 4.5e-08     7.6
 1741.00 0.00065 5.1e-08     7.5
 1742.00 0.00068 5.7e-08     7.3
 1743.00   7e-04 6.5e-08     7.3
 1744.00 0.00073 7.3e-08     7.5
 1745.00 0.00076 7.9e-08     7.4
 1746.00 0.00078   9e-08     7.5
 1747.00 0.00081   1e-07     7.5
 1748.00 0.00084 9.8e-08     7.2
 1749.00 0.00087 1.1e-07     7.2
 1750.00 0.00091 8.1e-08     6.4
 1751.00 0.00094 2.8e-08     5.2
 1752.00 0.00098 3.1e-08     5.2
 1753.00   0.001 3.5e-08     5.1
 1754.00   0.001 3.8e-08     5.3
 1755.00  0.0011 4.2e-08     5.2
 1756.00  0.0011 4.7e-08     5.3
 1757.00  0.0012 5.2e-08     5.3
 1758.00  0.0012 5.7e-08     5.3
 1759.00  0.0013 6.3e-08     5.3
 1760.00  0.0013   7e-08     5.2
 1761.00  0.0013 7.8e-08     5.2
 1762.00  0.0014   8e-08     5.2
 1763.00  0.0014 6.2e-08     4.8
 1764.00  0.0015   7e-08     4.8
 1765.00  0.0015 6.6e-08     4.5
 1766.00  0.0016 7.3e-08     4.6
 1767.00  0.0017 8.1e-08     4.5
 1768.00  0.0017 2.2e-08     3.2
 1769.00  0.0018 2.4e-08     3.2
 1770.00  0.0018 2.7e-08     3.3
 1771.00  0.0019 2.9e-08     3.2
 1772.00   0.002 3.2e-08     3.3
 1773.00   0.002 3.5e-08     3.3
 1774.00  0.0021 3.9e-08     3.3
 1775.00  0.0022 4.3e-08     3.3
 1776.00  0.0023 4.7e-08     3.3
 1777.00  0.0023 5.2e-08     3.4
 1778.00  0.0024 5.7e-08     3.4
 1779.00  0.0025 6.2e-08     3.4
 1780.00  0.0026 6.8e-08     3.4
 1781.00  0.0027 7.5e-08     3.5
 1782.00  0.0028 8.2e-08     3.4
 1783.00  0.0029 9.1e-08     3.3
 1784.00   0.003 9.9e-08     3.3
 1785.00  0.0031 1.1e-07     3.4
 1786.00  0.0032 1.2e-07     3.4
 1787.00  0.0033 1.3e-07     3.4
 1788.00  0.0034 1.4e-07     3.5
 1789.00  0.0035 1.1e-07     2.7
 1790.00  0.0036   5e-08     1.2
 1791.00  0.0037 5.5e-08     1.2
 1792.00  0.0038       0       0
 1793.00   0.004       0       0
 1794.00  0.0041       0       0
 1795.00  0.0042       0       0
 1796.00  0.0044       0       0
 1797.00  0.0045       0       0
 1798.00  0.0046       0       0
 1799.00  0.0048       0       0
 1800.00  0.0049       0       0
 1801.00  0.0051       0       0
 1802.00  0.0053       0       0
 1803.00  0.0054       0       0
 1804.00  0.0056       0       0
 1805.00  0.0058       0       0
 1806.00  0.0059       0       0
 1807.00  0.0061       0       0
 1808.00  0.0063       0       0
 1809.00  0.0065       0       0
 1810.00  0.0067       0       0
 1811.00  0.0069       0       0
 1812.00  0.0071       0       0
 1813.00  0.0073       0       0
 1814.00  0.0075       0       0
 1815.00  0.0078       0       0
 1816.00   0.008       0       0
 1817.00  0.0082       0       0
 1818.00  0.0085       0       0
 1819.00  0.0087       0       0
 1820.00   0.009       0       0
 1821.00  0.0092       0       0
 1822.00  0.0095       0       0
 1823.00  0.0098       0       0
 1824.00    0.01       0       0
 1825.00    0.01       0       0
 1826.00   0.011       0       0
 1827.00   0.011       0       0
