    2016a           2025Edson   Queiroz Braco 1 , EngRev, 0.87
JDAY    QIN
----    ----
    1.00   0.000
    2.00   0.644
    3.00   0.000
    4.00   0.000
    5.00   0.000
    6.00   0.642
    7.00   0.000
    8.00   0.000
    9.00   0.641
   10.00   0.641
   11.00   0.641
   12.00   0.000
   13.00   0.640
   14.00   0.640
   15.00   0.000
   16.00   0.640
   17.00   0.640
   18.00   0.640
   19.00   0.000
   20.00   4.264
   21.00   3.462
   22.00   0.644
   23.00  12.224
   24.00  20.188
   25.00  10.839
   26.00   5.007
   27.00   2.795
   28.00   2.897
   29.00   2.093
   30.00   0.685
   31.00   1.390
   32.00   0.609
   33.00   1.415
   34.00   0.609
   35.00   0.609
   36.00   0.609
   37.00   0.609
   38.00   0.000
   39.00   0.609
   40.00   0.609
   41.00   0.000
   42.00   0.000
   43.00   0.608
   44.00   0.608
   45.00   0.000
   46.00   0.000
   47.00   0.607
   48.00   0.000
   49.00   0.000
   50.00   0.000
   51.00   0.000
   52.00   0.000
   53.00   0.000
   54.00   0.605
   55.00   0.605
   56.00   0.000
   57.00   0.604
   58.00   0.000
   59.00   0.000
   60.00   0.000
   61.00   0.530
   62.00   0.000
   63.00   0.000
   64.00   0.000
   65.00   0.000
   66.00   0.528
   67.00   0.000
   68.00   0.000
   69.00   0.000
   70.00   0.527
   71.00   0.527
   72.00   0.000
   73.00   0.527
   74.00   0.527
   75.00   0.000
   76.00   0.000
   77.00   0.000
   78.00   0.526
   79.00   0.000
   80.00   0.000
   81.00   0.000
   82.00   0.525
   83.00   0.000
   84.00   0.000
   85.00   0.000
   86.00   0.000
   87.00   0.000
   88.00   0.523
   89.00   1.933
   90.00   0.524
   91.00   1.229
   92.00   1.245
   93.00   1.246
   94.00   0.541
   95.00   0.541
   96.00   0.541
   97.00   6.382
   98.00  13.534
   99.00   7.801
  100.00   3.475
  101.00   1.261
  102.00   1.966
  103.00   0.557
  104.00   1.262
  105.00   0.557
  106.00   0.557
  107.00   0.557
  108.00   0.000
  109.00   0.557
  110.00   0.557
  111.00   0.000
  112.00   0.557
  113.00   0.557
  114.00   0.000
  115.00   0.556
  116.00   0.000
  117.00   0.000
  118.00   0.000
  119.00   0.000
  120.00   0.000
  121.00   0.000
  122.00   0.549
  123.00   0.549
  124.00   1.254
  125.00   0.550
  126.00   0.000
  127.00   0.000
  128.00   0.549
  129.00   0.000
  130.00   1.354
  131.00   0.000
  132.00   0.549
  133.00   0.000
  134.00   0.548
  135.00   0.000
  136.00   0.548
  137.00   0.000
  138.00   0.000
  139.00   0.547
  140.00   0.000
  141.00   0.000
  142.00   0.547
  143.00   0.000
  144.00   0.000
  145.00   0.000
  146.00   0.546
  147.00   0.000
  148.00   0.000
  149.00   0.545
  150.00   0.000
  151.00   0.544
  152.00   1.249
  153.00   0.586
  154.00   0.000
  155.00   0.585
  156.00   0.000
  157.00   0.585
  158.00   0.000
  159.00   0.000
  160.00   0.000
  161.00   0.000
  162.00   0.583
  163.00   0.000
  164.00   0.583
  165.00   0.000
  166.00   0.000
  167.00   0.000
  168.00   0.581
  169.00   0.000
  170.00   0.000
  171.00   0.000
  172.00   0.000
  173.00   0.580
  174.00   0.000
  175.00   0.000
  176.00   0.000
  177.00   0.578
  178.00   0.000
  179.00   0.000
  180.00   0.000
  181.00   0.000
  182.00   0.000
  183.00   0.000
  184.00   0.000
  185.00   0.000
  186.00   0.000
  187.00   0.000
  188.00   0.000
  189.00   0.000
  190.00   1.300
  191.00   0.595
  192.00   0.000
  193.00   0.000
  194.00   0.000
  195.00   0.594
  196.00   0.000
  197.00   0.000
  198.00   0.000
  199.00   0.000
  200.00   0.591
  201.00   0.000
  202.00   0.591
  203.00   0.000
  204.00   0.000
  205.00   0.000
  206.00   0.000
  207.00   0.000
  208.00   0.000
  209.00   0.000
  210.00   0.000
  211.00   0.586
  212.00   0.000
  213.00   0.000
  214.00   0.000
  215.00   0.000
  216.00   0.000
  217.00   0.000
  218.00   0.000
  219.00   0.000
  220.00   0.655
  221.00   0.000
  222.00   0.000
  223.00   0.000
  224.00   0.000
  225.00   0.000
  226.00   0.000
  227.00   0.000
  228.00   0.000
  229.00   0.000
  230.00   0.000
  231.00   0.000
  232.00   0.647
  233.00   0.000
  234.00   0.000
  235.00   0.645
  236.00   0.000
  237.00   0.000
  238.00   0.000
  239.00   0.000
  240.00   0.000
  241.00   0.000
  242.00   0.000
  243.00   0.000
  244.00   0.000
  245.00   0.000
  246.00   0.000
  247.00   0.000
  248.00   0.000
  249.00   0.000
  250.00   0.000
  251.00   0.000
  252.00   0.000
  253.00   0.000
  254.00   0.000
  255.00   0.000
  256.00   0.000
  257.00   0.000
  258.00   0.000
  259.00   0.000
  260.00   0.000
  261.00   0.000
  262.00   0.000
  263.00   0.000
  264.00   0.000
  265.00   0.000
  266.00   0.000
  267.00   0.000
  268.00   0.000
  269.00   0.000
  270.00   0.000
  271.00   0.000
  272.00   0.000
  273.00   0.000
  274.00   0.000
  275.00   0.000
  276.00   0.000
  277.00   0.000
  278.00   0.000
  279.00   0.000
  280.00   0.000
  281.00   0.000
  282.00   0.000
  283.00   0.000
  284.00   0.000
  285.00   0.000
  286.00   0.000
  287.00   0.000
  288.00   0.000
  289.00   0.000
  290.00   0.000
  291.00   0.000
  292.00   0.000
  293.00   0.000
  294.00   0.000
  295.00   0.000
  296.00   0.000
  297.00   0.000
  298.00   0.000
  299.00   0.000
  300.00   0.000
  301.00   0.000
  302.00   0.000
  303.00   0.000
  304.00   0.000
  305.00   0.000
  306.00   0.000
  307.00   0.000
  308.00   0.000
  309.00   0.000
  310.00   0.000
  311.00   0.000
  312.00   0.000
  313.00   0.000
  314.00   0.000
  315.00   0.000
  316.00   0.000
  317.00   0.000
  318.00   0.000
  319.00   0.000
  320.00   0.000
  321.00   0.000
  322.00   0.231
  323.00   0.332
  324.00   0.231
  325.00   0.230
  326.00   0.230
  327.00   0.330
  328.00   0.229
  329.00   0.228
  330.00   0.228
  331.00   0.328
  332.00   0.227
  333.00   0.227
  334.00   0.226
  335.00   0.326
  336.00   0.199
  337.00   0.198
  338.00   0.198
  339.00   0.298
  340.00   0.197
  341.00   0.196
  342.00   0.196
  343.00   0.196
  344.00   0.296
  345.00   0.195
  346.00   0.194
  347.00   0.194
  348.00   0.294
  349.00   0.193
  350.00   0.193
  351.00   0.192
  352.00   0.292
  353.00   0.191
  354.00   0.191
  355.00   0.190
  356.00   0.593
  357.00   0.291
  358.00   0.190
  359.00   0.592
  360.00   0.189
  361.00   0.592
  362.00   0.189
  363.00   0.591
  364.00   0.289
  365.00   0.591
  366.00   0.188
  367.00   0.102
  368.00   0.102
  369.00   0.202
  370.00   0.101
  371.00   0.101
  372.00   0.101
  373.00   0.100
  374.00   0.201
  375.00   0.100
  376.00   0.099
  377.00   0.099
  378.00   0.199
  379.00   0.099
  380.00   0.098
  381.00   0.098
  382.00   0.500
  383.00   0.198
  384.00   0.500
  385.00   0.097
  386.00   0.500
  387.00   0.097
  388.00   1.607
  389.00   0.500
  390.00   0.198
  391.00   0.500
  392.00   0.097
  393.00   0.500
  394.00   0.097
  395.00   0.097
  396.00   0.197
  397.00   0.096
  398.00   0.042
  399.00   0.042
  400.00   0.142
  401.00   0.444
  402.00   0.041
  403.00   0.041
  404.00   0.041
  405.00   0.443
  406.00   0.443
  407.00  17.460
  408.00   9.215
  409.00   1.165
  410.00   0.461
  411.00   0.864
  412.00   0.059
  413.00   0.461
  414.00   4.187
  415.00   0.464
  416.00   0.464
  417.00   3.283
  418.00   0.465
  419.00   0.000
  420.00   0.465
  421.00   3.385
  422.00   0.467
  423.00   0.467
  424.00   0.467
  425.00   1.172
  426.00   0.409
  427.00  38.774
  428.00  58.227
  429.00   9.821
  430.00   7.006
  431.00   5.498
  432.00   4.091
  433.00   1.978
  434.00   1.878
  435.00  22.924
  436.00  26.458
  437.00  17.810
  438.00  15.703
  439.00  57.599
  440.00  24.394
  441.00  28.734
  442.00  23.711
  443.00  13.550
  444.00  14.662
  445.00   6.713
  446.00   9.233
  447.00  19.104
  448.00  46.299
  449.00  43.899
  450.00  16.727
  451.00   9.281
  452.00   9.284
  453.00   9.288
  454.00   7.981
  455.00   9.293
  456.00  14.230
  457.00  11.848
  458.00  11.852
  459.00   8.030
  460.00   4.408
  461.00   3.201
  462.00   0.684
  463.00   1.893
  464.00   1.893
  465.00   1.893
  466.00   4.411
  467.00   0.687
  468.00   1.996
  469.00   3.104
  470.00   5.622
  471.00   3.207
  472.00   1.899
  473.00   0.691
  474.00   0.691
  475.00   1.899
  476.00   2.001
  477.00   0.692
  478.00   1.900
  479.00   1.901
  480.00   1.901
  481.00   0.693
  482.00   0.693
  483.00   0.693
  484.00   0.693
  485.00   0.000
  486.00   0.693
  487.00   0.684
  488.00   0.684
  489.00   0.684
  490.00   0.684
  491.00   0.684
  492.00   0.684
  493.00   0.000
  494.00   0.684
  495.00   0.684
  496.00   0.000
  497.00   0.683
  498.00   0.000
  499.00   0.683
  500.00   0.683
  501.00   0.000
  502.00   0.683
  503.00   0.000
  504.00   0.682
  505.00   0.000
  506.00   0.682
  507.00   0.000
  508.00   0.000
  509.00   0.000
  510.00   0.000
  511.00   0.000
  512.00   0.680
  513.00   0.000
  514.00   1.887
  515.00   0.680
  516.00   0.680
  517.00   0.680
  518.00   0.000
  519.00   0.000
  520.00   0.755
  521.00   0.000
  522.00   0.000
  523.00   0.753
  524.00   0.000
  525.00   0.000
  526.00   0.752
  527.00   0.000
  528.00   0.752
  529.00   0.752
  530.00   0.000
  531.00   0.751
  532.00   0.000
  533.00   0.751
  534.00   0.000
  535.00   0.750
  536.00   0.000
  537.00   0.750
  538.00   0.000
  539.00   0.749
  540.00   0.000
  541.00   0.000
  542.00   0.000
  543.00   0.000
  544.00   0.000
  545.00   0.000
  546.00   0.746
  547.00   0.000
  548.00   0.000
  549.00   0.000
  550.00   0.000
  551.00   0.926
  552.00   0.926
  553.00   0.000
  554.00   0.000
  555.00   0.924
  556.00   0.000
  557.00   0.923
  558.00   0.923
  559.00   0.000
  560.00   0.922
  561.00   0.922
  562.00   0.000
  563.00   0.000
  564.00   0.626
  565.00   0.726
  566.00   0.725
  567.00   0.724
  568.00   1.932
  569.00   0.623
  570.00   0.723
  571.00   0.722
  572.00   0.621
  573.00   1.929
  574.00   0.721
  575.00   0.000
  576.00   0.618
  577.00   0.718
  578.00   0.717
  579.00   0.861
  580.00   0.759
  581.00   0.859
  582.00   0.858
  583.00   0.000
  584.00   0.855
  585.00   0.000
  586.00   0.853
  587.00   0.000
  588.00   0.850
  589.00   0.000
  590.00   0.747
  591.00   0.847
  592.00   0.000
  593.00   0.844
  594.00   0.000
  595.00   0.000
  596.00   0.000
  597.00   0.000
  598.00   0.000
  599.00   0.000
  600.00   0.000
  601.00   0.857
  602.00   0.000
  603.00   0.642
  604.00   0.742
  605.00   0.000
  606.00   0.739
  607.00   0.738
  608.00   0.000
  609.00   0.735
  610.00   0.000
  611.00   0.000
  612.00   0.854
  613.00   0.000
  614.00   0.851
  615.00   0.000
  616.00   0.000
  617.00   0.000
  618.00   0.741
  619.00   0.000
  620.00   0.838
  621.00   0.000
  622.00   0.000
  623.00   0.000
  624.00   0.830
  625.00   0.000
  626.00   0.727
  627.00   0.000
  628.00   0.000
  629.00   0.000
  630.00   0.000
  631.00   0.000
  632.00   0.000
  633.00   0.846
  634.00   0.000
  635.00   0.000
  636.00   0.725
  637.00   0.000
  638.00   0.000
  639.00   0.000
  640.00   0.000
  641.00   0.000
  642.00   0.000
  643.00   0.000
  644.00   0.000
  645.00   0.000
  646.00   0.000
  647.00   0.000
  648.00   0.000
  649.00   0.000
  650.00   0.722
  651.00   0.000
  652.00   0.000
  653.00   0.000
  654.00   0.000
  655.00   0.000
  656.00   0.287
  657.00   0.286
  658.00   0.285
  659.00   0.107
  660.00   0.207
  661.00   0.206
  662.00   0.104
  663.00   0.000
  664.00   0.201
  665.00   0.099
  666.00   0.000
  667.00   0.195
  668.00   0.194
  669.00   0.249
  670.00   0.147
  671.00   0.230
  672.00   0.228
  673.00   0.000
  674.00   0.225
  675.00   0.000
  676.00   0.222
  677.00   0.221
  678.00   0.000
  679.00   0.000
  680.00   0.719
  681.00   0.618
  682.00   0.718
  683.00   0.717
  684.00   0.716
  685.00   0.716
  686.00   0.715
  687.00   0.614
  688.00   0.714
  689.00   0.008
  690.00   0.712
  691.00   0.610
  692.00   0.710
  693.00   0.710
  694.00   0.004
  695.00   0.708
  696.00   0.606
  697.00   0.706
  698.00   0.706
  699.00   0.000
  700.00   0.704
  701.00   0.551
  702.00   0.000
  703.00   0.000
  704.00   0.548
  705.00   0.648
  706.00   0.647
  707.00   0.647
  708.00   0.646
  709.00   0.646
  710.00   0.544
  711.00   0.644
  712.00   0.644
  713.00   0.643
  714.00   0.000
  715.00   0.641
  716.00   0.000
  717.00   0.639
  718.00   0.639
  719.00   0.537
  720.00   0.637
  721.00   0.637
  722.00   0.636
  723.00   0.636
  724.00   0.534
  725.00   0.634
  726.00   0.634
  727.00   0.633
  728.00   0.632
  729.00   0.632
  730.00   0.530
  731.00   0.630
  732.00   0.466
  733.00   0.466
  734.00   0.465
  735.00   0.364
  736.00   0.000
  737.00   0.463
  738.00   0.463
  739.00   0.462
  740.00   0.000
  741.00   0.461
  742.00   0.460
  743.00   0.460
  744.00   0.459
  745.00   0.358
  746.00   0.458
  747.00   0.000
  748.00   0.457
  749.00   0.356
  750.00   0.456
  751.00   0.000
  752.00   0.455
  753.00   1.159
  754.00   0.454
  755.00   0.353
  756.00   0.453
  757.00   0.453
  758.00   3.372
  759.00   1.158
  760.00   0.353
  761.00   0.453
  762.00   0.453
  763.00   0.349
  764.00   0.349
  765.00   0.248
  766.00   0.348
  767.00   0.348
  768.00   0.000
  769.00   1.756
  770.00   1.052
  771.00   0.347
  772.00   0.346
  773.00   1.051
  774.00   1.756
  775.00   1.756
  776.00   4.677
  777.00   1.054
  778.00   1.054
  779.00   0.349
  780.00  16.963
  781.00   1.767
  782.00   1.062
  783.00   1.062
  784.00  22.007
  785.00   3.289
  786.00   2.484
  787.00   1.075
  788.00   1.780
  789.00   0.371
  790.00   0.031
  791.00   0.630
  792.00   0.630
  793.00   0.630
  794.00   0.630
  795.00   0.630
  796.00   0.000
  797.00   0.000
  798.00   0.630
  799.00   0.000
  800.00   0.629
  801.00   0.000
  802.00   2.039
  803.00   0.630
  804.00   0.000
  805.00   0.629
  806.00   0.629
  807.00   0.000
  808.00   2.844
  809.00   0.630
  810.00   0.000
  811.00   0.630
  812.00   0.000
  813.00   0.629
  814.00   0.000
  815.00   0.000
  816.00   2.039
  817.00   0.629
  818.00   0.629
  819.00   0.629
  820.00   1.334
  821.00   0.630
  822.00   2.164
  823.00   0.654
  824.00   0.000
  825.00   7.803
  826.00   3.577
  827.00   4.988
  828.00   2.875
  829.00   4.286
  830.00  11.336
  831.00 173.761
  832.00  50.277
  833.00  25.423
  834.00  24.224
  835.00   0.000
  836.00   7.010
  837.00  35.408
  838.00  40.354
  839.00  10.619
  840.00   5.688
  841.00   3.273
  842.00   3.173
  843.00   1.966
  844.00   2.067
  845.00   3.175
  846.00   0.759
  847.00   2.068
  848.00   0.760
  849.00   0.000
  850.00   0.759
  851.00   0.759
  852.00   0.750
  853.00   2.059
  854.00   0.750
  855.00   0.750
  856.00   0.750
  857.00   0.000
  858.00   0.750
  859.00   0.750
  860.00   3.267
  861.00   0.751
  862.00   0.751
  863.00   0.000
  864.00   0.750
  865.00   0.750
  866.00   0.000
  867.00   0.750
  868.00   0.000
  869.00   0.000
  870.00   0.749
  871.00   0.000
  872.00   0.748
  873.00   0.000
  874.00   0.748
  875.00   0.000
  876.00   0.747
  877.00   0.000
  878.00   0.000
  879.00   0.747
  880.00   0.000
  881.00   0.000
  882.00   0.000
  883.00   0.828
  884.00   0.000
  885.00   0.827
  886.00   0.000
  887.00   0.000
  888.00   0.826
  889.00   0.000
  890.00   0.000
  891.00   0.825
  892.00   0.000
  893.00   0.825
  894.00   0.000
  895.00   0.000
  896.00   0.824
  897.00   0.000
  898.00   0.000
  899.00   0.823
  900.00   0.000
  901.00   0.000
  902.00   0.241
  903.00   0.140
  904.00   0.240
  905.00   0.239
  906.00   0.138
  907.00   0.239
  908.00   0.238
  909.00   0.238
  910.00   0.000
  911.00   0.236
  912.00   0.135
  913.00   0.000
  914.00   1.639
  915.00   0.431
  916.00   0.329
  917.00   0.429
  918.00   0.429
  919.00   0.428
  920.00   0.327
  921.00   0.427
  922.00   0.426
  923.00   0.325
  924.00   0.425
  925.00   0.424
  926.00   0.424
  927.00   0.322
  928.00   0.422
  929.00   0.422
  930.00   0.320
  931.00   0.420
  932.00   0.420
  933.00   0.419
  934.00   0.000
  935.00   0.417
  936.00   0.316
  937.00   0.416
  938.00   0.415
  939.00   0.000
  940.00   0.413
  941.00   0.412
  942.00   0.412
  943.00   0.310
  944.00   0.565
  945.00   0.564
  946.00   0.000
  947.00   0.562
  948.00   0.000
  949.00   0.559
  950.00   0.559
  951.00   0.000
  952.00   0.556
  953.00   0.555
  954.00   0.454
  955.00   0.554
  956.00   0.000
  957.00   0.551
  958.00   1.759
  959.00   0.550
  960.00   0.550
  961.00   0.448
  962.00   0.548
  963.00   0.000
  964.00   0.445
  965.00   0.545
  966.00   0.000
  967.00   0.542
  968.00   0.541
  969.00   0.541
  970.00   0.439
  971.00   0.000
  972.00   1.746
  973.00   0.414
  974.00   0.514
  975.00   0.647
  976.00   0.646
  977.00   0.545
  978.00   0.644
  979.00   0.643
  980.00   0.000
  981.00   0.641
  982.00   0.640
  983.00   0.538
  984.00   0.638
  985.00   0.000
  986.00   0.667
  987.00   0.000
  988.00   0.664
  989.00   0.764
  990.00   0.763
  991.00   0.000
  992.00   0.760
  993.00   0.000
  994.00   0.757
  995.00   0.000
  996.00   0.654
  997.00   0.753
  998.00   0.752
  999.00   0.000
 1000.00   0.590
 1001.00   0.589
 1002.00   0.000
 1003.00   0.585
 1004.00   0.484
 1005.00   0.000
 1006.00   0.495
 1007.00   0.000
 1008.00   0.593
 1009.00   0.000
 1010.00   0.590
 1011.00   0.000
 1012.00   0.587
 1013.00   0.649
 1014.00   0.000
 1015.00   0.646
 1016.00   0.000
 1017.00   0.642
 1018.00   0.000
 1019.00   1.848
 1020.00   0.639
 1021.00   0.638
 1022.00   0.000
 1023.00   0.635
 1024.00   0.000
 1025.00   0.632
 1026.00   0.631
 1027.00   0.630
 1028.00   0.529
 1029.00   0.000
 1030.00   0.525
 1031.00   0.625
 1032.00   0.000
 1033.00   0.521
 1034.00   0.621
 1035.00   0.000
 1036.00   0.598
 1037.00   0.000
 1038.00   0.000
 1039.00   0.593
 1040.00   0.000
 1041.00   0.590
 1042.00   0.589
 1043.00   0.458
 1044.00   0.558
 1045.00   0.557
 1046.00   0.556
 1047.00   0.454
 1048.00   0.000
 1049.00   0.000
 1050.00   0.000
 1051.00   0.447
 1052.00   0.546
 1053.00   0.545
 1054.00   0.000
 1055.00   1.751
 1056.00   0.542
 1057.00   0.541
 1058.00   0.439
 1059.00   0.000
 1060.00   0.537
 1061.00   0.435
 1062.00   0.535
 1063.00   0.534
 1064.00   1.741
 1065.00   1.847
 1066.00   0.480
 1067.00   0.580
 1068.00   0.000
 1069.00   0.476
 1070.00   1.784
 1071.00   1.784
 1072.00   1.784
 1073.00   0.576
 1074.00   1.783
 1075.00   0.575
 1076.00   1.722
 1077.00   0.413
 1078.00   0.512
 1079.00   0.511
 1080.00   0.510
 1081.00   0.409
 1082.00   0.508
 1083.00   0.507
 1084.00   0.406
 1085.00   0.505
 1086.00   0.505
 1087.00   0.504
 1088.00   0.000
 1089.00   0.501
 1090.00   0.500
 1091.00   0.000
 1092.00   0.497
 1093.00   0.395
 1094.00   0.495
 1095.00   0.494
 1096.00   0.493
 1097.00   0.206
 1098.00   0.306
 1099.00   0.305
 1100.00   0.204
 1101.00   1.512
 1102.00   0.303
 1103.00   0.303
 1104.00   0.302
 1105.00   1.510
 1106.00   0.200
 1107.00   0.300
 1108.00   1.508
 1109.00   0.300
 1110.00   1.507
 1111.00   1.507
 1112.00   2.716
 1113.00   2.716
 1114.00   0.988
 1115.00   0.988
 1116.00   0.000
 1117.00   0.987
 1118.00   0.000
 1119.00   0.986
 1120.00   0.000
 1121.00   0.986
 1122.00   0.000
 1123.00   0.000
 1124.00   0.984
 1125.00   0.000
 1126.00   0.000
 1127.00   0.000
 1128.00   0.865
 1129.00   0.000
 1130.00   0.864
 1131.00   0.864
 1132.00   2.072
 1133.00   0.865
 1134.00   2.073
 1135.00   0.865
 1136.00   0.000
 1137.00   0.000
 1138.00   0.864
 1139.00   0.864
 1140.00   2.072
 1141.00   0.865
 1142.00   5.799
 1143.00   0.867
 1144.00   2.075
 1145.00   0.868
 1146.00   3.385
 1147.00   2.077
 1148.00   2.179
 1149.00   2.078
 1150.00   0.871
 1151.00   0.000
 1152.00   0.870
 1153.00   0.870
 1154.00   0.000
 1155.00   0.781
 1156.00   0.000
 1157.00   0.665
 1158.00   1.873
 1159.00   0.665
 1160.00   0.665
 1161.00   3.183
 1162.00   0.666
 1163.00   1.875
 1164.00   0.667
 1165.00   1.875
 1166.00   0.667
 1167.00   0.000
 1168.00   0.667
 1169.00   3.184
 1170.00  15.470
 1171.00   6.815
 1172.00   0.675
 1173.00   8.127
 1174.00   6.921
 1175.00   9.340
 1176.00   8.034
 1177.00   6.929
 1178.00  11.765
 1179.00  15.494
 1180.00   5.732
 1181.00   5.633
 1182.00   8.052
 1183.00  15.607
 1184.00  13.094
 1185.00  10.581
 1186.00  26.696
 1187.00  55.131
 1188.00  50.216
 1189.00  25.563
 1190.00  31.714
 1191.00  31.724
 1192.00  34.150
 1193.00  20.668
 1194.00   8.288
 1195.00   3.256
 1196.00   3.357
 1197.00   5.775
 1198.00   5.776
 1199.00   3.260
 1200.00   2.153
 1201.00   4.571
 1202.00   6.988
 1203.00   5.782
 1204.00   3.367
 1205.00   8.201
 1206.00  15.755
 1207.00  14.450
 1208.00   9.520
 1209.00   5.797
 1210.00   2.073
 1211.00   3.382
 1212.00   2.074
 1213.00   2.074
 1214.00  26.846
 1215.00  19.402
 1216.00  45.386
 1217.00  37.936
 1218.00  12.672
 1219.00   4.720
 1220.00   6.836
 1221.00   2.810
 1222.00   0.897
 1223.00   2.810
 1224.00   2.911
 1225.00   0.898
 1226.00   0.898
 1227.00   0.898
 1228.00   0.898
 1229.00   0.898
 1230.00   2.811
 1231.00   2.912
 1232.00   2.812
 1233.00   0.900
 1234.00   0.900
 1235.00   0.900
 1236.00   0.900
 1237.00   0.900
 1238.00   2.813
 1239.00   0.900
 1240.00   0.900
 1241.00   0.900
 1242.00   0.000
 1243.00   0.900
 1244.00   0.900
 1245.00   0.000
 1246.00   0.899
 1247.00   0.899
 1248.00   0.000
 1249.00   0.999
 1250.00   0.000
 1251.00   0.998
 1252.00   0.000
 1253.00   0.000
 1254.00   0.000
 1255.00   0.996
 1256.00   0.000
 1257.00   0.000
 1258.00   0.000
 1259.00   1.308
 1260.00   1.308
 1261.00   0.000
 1262.00   1.307
 1263.00   0.000
 1264.00   1.307
 1265.00   0.000
 1266.00   1.306
 1267.00   0.000
 1268.00   1.305
 1269.00   1.305
 1270.00   0.000
 1271.00   0.000
 1272.00   0.000
 1273.00   1.303
 1274.00   0.000
 1275.00   0.000
 1276.00   0.000
 1277.00   1.302
 1278.00   1.542
 1279.00   1.542
 1280.00   0.000
 1281.00   1.542
 1282.00   0.000
 1283.00   0.000
 1284.00   0.000
 1285.00   0.000
 1286.00   0.000
 1287.00   0.000
 1288.00   0.000
 1289.00   0.000
 1290.00   0.000
 1291.00   0.000
 1292.00   0.000
 1293.00   1.532
 1294.00   0.000
 1295.00   1.532
 1296.00   0.000
 1297.00   0.000
 1298.00   1.530
 1299.00   1.530
 1300.00   0.000
 1301.00   0.000
 1302.00   0.000
 1303.00   1.527
 1304.00   0.000
 1305.00   0.000
 1306.00   0.000
 1307.00   0.000
 1308.00   0.000
 1309.00   1.714
 1310.00   0.000
 1311.00   0.000
 1312.00   1.712
 1313.00   0.000
 1314.00   0.000
 1315.00   0.000
 1316.00   0.000
 1317.00   0.000
 1318.00   0.000
 1319.00   1.444
 1320.00   0.000
 1321.00   0.000
 1322.00   0.000
 1323.00   0.000
 1324.00   1.439
 1325.00   1.439
 1326.00   0.000
 1327.00   1.438
 1328.00   1.438
 1329.00   0.129
 1330.00   1.437
 1331.00   0.229
 1332.00   1.436
 1333.00   0.228
 1334.00   1.436
 1335.00   0.227
 1336.00   1.435
 1337.00   0.126
 1338.00   0.226
 1339.00   0.225
 1340.00   1.601
 1341.00   0.292
 1342.00   0.392
 1343.00   0.392
 1344.00   0.391
 1345.00   0.349
 1346.00   0.448
 1347.00   0.448
 1348.00   0.447
 1349.00   1.654
 1350.00   0.985
 1351.00   1.085
 1352.00   1.084
 1353.00   0.983
 1354.00   0.000
 1355.00   1.081
 1356.00   0.000
 1357.00   1.079
 1358.00   0.977
 1359.00   0.000
 1360.00   1.042
 1361.00   0.000
 1362.00   1.039
 1363.00   0.938
 1364.00   0.000
 1365.00   1.036
 1366.00   0.000
 1367.00   1.034
 1368.00   0.000
 1369.00   1.031
 1370.00   0.000
 1371.00   1.048
 1372.00   0.000
 1373.00   1.015
 1374.00   1.115
 1375.00   1.114
 1376.00   1.013
 1377.00   0.000
 1378.00   1.111
 1379.00   1.010
 1380.00   1.109
 1381.00   1.109
 1382.00   0.000
 1383.00   1.106
 1384.00   0.000
 1385.00   0.000
 1386.00   1.163
 1387.00   0.000
 1388.00   1.161
 1389.00   0.000
 1390.00   2.367
 1391.00   1.158
 1392.00   1.157
 1393.00   1.056
 1394.00   0.000
 1395.00   1.054
 1396.00   0.000
 1397.00   0.000
 1398.00   1.150
 1399.00   1.149
 1400.00   0.265
 1401.00   1.547
 1402.00   1.546
 1403.00   0.237
 1404.00   1.064
 1405.00   0.000
 1406.00   1.061
 1407.00   0.000
 1408.00   1.059
 1409.00   0.000
 1410.00   0.956
 1411.00   0.000
 1412.00   0.000
 1413.00   1.105
 1414.00   1.104
 1415.00   1.002
 1416.00   0.000
 1417.00   1.000
 1418.00   1.100
 1419.00   1.099
 1420.00   1.098
 1421.00   0.997
 1422.00   0.000
 1423.00   1.095
 1424.00   0.000
 1425.00   1.092
 1426.00   0.991
 1427.00   1.091
 1428.00   0.000
 1429.00   0.602
 1430.00   0.702
 1431.00   0.000
 1432.00   0.623
 1433.00   0.000
 1434.00   0.520
 1435.00   0.620
 1436.00   0.619
 1437.00   0.518
 1438.00   0.618
 1439.00   0.617
 1440.00   0.000
 1441.00   0.614
 1442.00   0.962
 1443.00   0.961
 1444.00   0.859
 1445.00   0.000
 1446.00   0.857
 1447.00   0.957
 1448.00   0.956
 1449.00   0.000
 1450.00   0.954
 1451.00   0.953
 1452.00   0.852
 1453.00   0.000
 1454.00   0.950
 1455.00   0.000
 1456.00   0.948
 1457.00   0.846
 1458.00   0.000
 1459.00   0.944
 1460.00   0.843
 1461.00   2.151
 1462.00   0.698
 1463.00   0.697
 1464.00   0.697
 1465.00   0.595
 1466.00   1.904
 1467.00   0.695
 1468.00   0.695
 1469.00   3.111
 1470.00   1.903
 1471.00   1.903
 1472.00   1.903
 1473.00   0.695
 1474.00   0.593
 1475.00   1.902
 1476.00   0.693
 1477.00   1.391
 1478.00   1.391
 1479.00   0.183
 1480.00   1.391
 1481.00   0.182
 1482.00   1.390
 1483.00   0.081
 1484.00   1.390
 1485.00   1.390
 1486.00   1.390
 1487.00   0.181
 1488.00   1.389
 1489.00   0.181
 1490.00   0.079
 1491.00   1.388
 1492.00   4.812
 1493.00   8.382
 1494.00   0.934
 1495.00   3.451
 1496.00   0.935
 1497.00   0.935
 1498.00   0.935
 1499.00   0.935
 1500.00   0.935
 1501.00   0.000
 1502.00   0.934
 1503.00   0.000
 1504.00   0.000
 1505.00   2.141
 1506.00   0.934
 1507.00   0.934
 1508.00   0.000
 1509.00   0.933
 1510.00   0.933
 1511.00   0.933
 1512.00   5.867
 1513.00   0.935
 1514.00   4.661
 1515.00   0.936
 1516.00   0.936
 1517.00   2.145
 1518.00   0.937
 1519.00   2.145
 1520.00   0.937
 1521.00   3.455
 1522.00   3.200
 1523.00   3.302
 1524.00   8.236
 1525.00   4.412
 1526.00   9.448
 1527.00  15.693
 1528.00  16.805
 1529.00  21.845
 1530.00  10.674
 1531.00   8.260
 1532.00   5.744
 1533.00   8.263
 1534.00  16.824
 1535.00  37.974
 1536.00   9.488
 1537.00  19.358
 1538.00  27.016
 1539.00  12.624
 1540.00  18.366
 1541.00  14.544
 1542.00  22.301
 1543.00  30.161
 1544.00  14.460
 1545.00  20.404
 1546.00  78.913
 1547.00  57.484
 1548.00  24.369
 1549.00  10.680
 1550.00   6.755
 1551.00  14.610
 1552.00  30.120
 1553.00  14.666
 1554.00   6.815
 1555.00   4.904
 1556.00  14.672
 1557.00  14.575
 1558.00   8.838
 1559.00   4.812
 1560.00   3.001
 1561.00   0.987
 1562.00   8.741
 1563.00   3.003
 1564.00   2.903
 1565.00   6.831
 1566.00   3.006
 1567.00   0.992
 1568.00   2.905
 1569.00   2.906
 1570.00   0.993
 1571.00   3.007
 1572.00   8.747
 1573.00 104.409
 1574.00  71.305
 1575.00  38.093
 1576.00  26.421
 1577.00  32.268
 1578.00  26.435
 1579.00  40.136
 1580.00  16.683
 1581.00   6.920
 1582.00   8.935
 1583.00   4.895
 1584.00   3.083
 1585.00   2.983
 1586.00   1.070
 1587.00   1.070
 1588.00   1.070
 1589.00   1.070
 1590.00   1.070
 1591.00   0.000
 1592.00   1.070
 1593.00   1.070
 1594.00   0.000
 1595.00   1.069
 1596.00   1.069
 1597.00   0.000
 1598.00   1.069
 1599.00   1.069
 1600.00   1.069
 1601.00   0.000
 1602.00   1.068
 1603.00   1.068
 1604.00   1.068
 1605.00   1.068
 1606.00   1.068
 1607.00   0.000
 1608.00   1.068
 1609.00   0.000
 1610.00   1.067
 1611.00   0.000
 1612.00   0.000
 1613.00   1.067
 1614.00   1.196
 1615.00   0.000
 1616.00   1.195
 1617.00   0.000
 1618.00   0.000
 1619.00   1.194
 1620.00   0.000
 1621.00   1.193
 1622.00   1.193
 1623.00   1.193
 1624.00   1.193
 1625.00   0.000
 1626.00   1.193
 1627.00   0.000
 1628.00   1.192
 1629.00   0.000
 1630.00   0.000
 1631.00   1.191
 1632.00   0.000
 1633.00   1.191
 1634.00   0.000
 1635.00   0.000
 1636.00   0.000
 1637.00   0.000
 1638.00   1.189
 1639.00   0.000
 1640.00   1.188
 1641.00   0.000
 1642.00   1.187
 1643.00   1.187
 1644.00   1.500
 1645.00   1.500
 1646.00   0.000
 1647.00   1.499
 1648.00   1.499
 1649.00   1.499
 1650.00   1.499
 1651.00   1.499
 1652.00   1.499
 1653.00   0.000
 1654.00   1.498
 1655.00   1.498
 1656.00   0.000
 1657.00   1.497
 1658.00   0.000
 1659.00   1.496
 1660.00   0.000
 1661.00   0.157
 1662.00   0.055
 1663.00   0.155
 1664.00   0.154
 1665.00   0.053
 1666.00   0.153
 1667.00   0.052
 1668.00   0.151
 1669.00   0.151
 1670.00   0.049
 1671.00   0.000
 1672.00   0.148
 1673.00   0.248
 1674.00   0.147
 1675.00   0.496
 1676.00   0.495
 1677.00   0.394
 1678.00   0.493
 1679.00   0.493
 1680.00   0.391
 1681.00   0.000
 1682.00   0.489
 1683.00   0.488
 1684.00   0.386
 1685.00   0.486
 1686.00   0.000
 1687.00   0.689
 1688.00   0.587
 1689.00   0.687
 1690.00   0.686
 1691.00   0.585
 1692.00   0.684
 1693.00   0.583
 1694.00   0.683
 1695.00   0.682
 1696.00   0.580
 1697.00   0.000
 1698.00   0.578
 1699.00   0.677
 1700.00   0.576
 1701.00   0.676
 1702.00   0.524
 1703.00   0.423
 1704.00   0.000
 1705.00   0.521
 1706.00   0.739
 1707.00   0.637
 1708.00   0.737
 1709.00   0.000
 1710.00   0.734
 1711.00   0.632
 1712.00   0.732
 1713.00   0.731
 1714.00   0.000
 1715.00   0.728
 1716.00   0.730
 1717.00   0.830
 1718.00   0.728
 1719.00   0.828
 1720.00   0.000
 1721.00   0.825
 1722.00   0.824
 1723.00   0.722
 1724.00   0.822
 1725.00   0.000
 1726.00   0.803
 1727.00   0.802
 1728.00   0.701
 1729.00   2.714
 1730.00   0.785
 1731.00   0.683
 1732.00   2.696
 1733.00   0.000
 1734.00   2.694
 1735.00   0.680
 1736.00   2.717
 1737.00   2.717
 1738.00   0.804
 1739.00   2.716
 1740.00   0.702
 1741.00   0.802
 1742.00   0.801
 1743.00   0.699
 1744.00   0.000
 1745.00   0.696
 1746.00   0.795
 1747.00   0.000
 1748.00   0.792
 1749.00   0.691
 1750.00   0.790
 1751.00   0.000
 1752.00   0.787
 1753.00   0.685
 1754.00   0.000
 1755.00   0.682
 1756.00   0.000
 1757.00   0.679
 1758.00   0.779
 1759.00   0.000
 1760.00   0.776
 1761.00   0.000
 1762.00   0.672
 1763.00   0.772
 1764.00   0.771
 1765.00   4.798
 1766.00   2.886
 1767.00   0.940
 1768.00   2.852
 1769.00   0.838
 1770.00   0.938
 1771.00   0.000
 1772.00   0.935
 1773.00   0.833
 1774.00   0.933
 1775.00   0.932
 1776.00   0.830
 1777.00   0.930
 1778.00   0.677
 1779.00   0.000
 1780.00   0.573
 1781.00   0.673
 1782.00   0.672
 1783.00   0.570
 1784.00   0.670
 1785.00   0.568
 1786.00   0.668
 1787.00   0.667
 1788.00   0.565
 1789.00   0.000
 1790.00   0.562
 1791.00   0.662
 1792.00   0.560
 1793.00   0.948
 1794.00   0.947
 1795.00   0.000
 1796.00   0.944
 1797.00   0.741
 1798.00   0.841
 1799.00   0.739
 1800.00   0.839
 1801.00   0.000
 1802.00   0.836
 1803.00   0.835
 1804.00   0.734
 1805.00   0.000
 1806.00   0.832
 1807.00   0.647
 1808.00   0.545
 1809.00   0.645
 1810.00   0.543
 1811.00   0.000
 1812.00   0.541
 1813.00   0.640
 1814.00   0.639
 1815.00   0.538
 1816.00   0.637
 1817.00   0.536
 1818.00   0.635
 1819.00   0.000
 1820.00   0.633
 1821.00   0.000
 1822.00   0.630
 1823.00   0.528
 1824.00   2.541
 1825.00   0.628
 1826.00   0.627
 1827.00   2.539
 1828.00   0.203
 1829.00   0.303
 1830.00   0.201
 1831.00   0.301
 1832.00   0.301
 1833.00   0.199
 1834.00   0.000
 1835.00   0.197
 1836.00   2.210
 1837.00   0.297
 1838.00   0.195
 1839.00   0.295
 1840.00   0.295
 1841.00   0.193
 1842.00   0.293
 1843.00   0.292
 1844.00   0.191
 1845.00   0.291
 1846.00   2.203
 1847.00   0.189
 1848.00   0.289
 1849.00   0.289
 1850.00   0.187
 1851.00   0.287
 1852.00   0.286
 1853.00   0.185
 1854.00   0.000
 1855.00   0.283
 1856.00   0.283
 1857.00   0.181
 1858.00   0.281
 1859.00   0.000
 1860.00   0.076
 1861.00   0.000
 1862.00   0.074
 1863.00   0.074
 1864.00   1.986
 1865.00   1.986
 1866.00   0.000
 1867.00   1.986
 1868.00   0.073
 1869.00   1.985
 1870.00   3.600
 1871.00   1.687
 1872.00   0.000
 1873.00   3.600
 1874.00   1.687
 1875.00   0.000
 1876.00   0.000
 1877.00   0.000
 1878.00   1.509
 1879.00   0.000
 1880.00   0.000
 1881.00   1.508
 1882.00   3.522
 1883.00   1.508
 1884.00   0.000
 1885.00   1.508
 1886.00   0.000
 1887.00   0.000
 1888.00   1.310
 1889.00   0.000
 1890.00   1.310
 1891.00   0.000
 1892.00   1.309
 1893.00   0.000
 1894.00   0.000
 1895.00   0.000
 1896.00   1.308
 1897.00   0.000
 1898.00   1.307
 1899.00   1.307
 1900.00   1.307
 1901.00   1.307
 1902.00   0.000
 1903.00   1.307
 1904.00   0.000
 1905.00   7.248
 1906.00   3.221
 1907.00   7.149
 1908.00   1.310
 1909.00   1.310
 1910.00   3.324
 1911.00   1.310
 1912.00   1.310
 1913.00   1.310
 1914.00   0.000
 1915.00   0.000
 1916.00   0.919
 1917.00   0.000
 1918.00   0.000
 1919.00   0.963
 1920.00   0.000
 1921.00   0.000
 1922.00   0.000
 1923.00   0.961
 1924.00   0.000
 1925.00   2.974
 1926.00   0.961
 1927.00   0.000
 1928.00   0.000
 1929.00   0.000
 1930.00   0.000
 1931.00   2.973
 1932.00   0.960
 1933.00   0.960
 1934.00   0.000
 1935.00   6.799
 1936.00   0.961
 1937.00   0.961
 1938.00   0.000
 1939.00   0.960
 1940.00   0.000
 1941.00   0.960
 1942.00   0.960
 1943.00   0.960
 1944.00   0.960
 1945.00   0.960
 1946.00   0.000
 1947.00   2.973
 1948.00   2.861
 1949.00   4.875
 1950.00   4.876
 1951.00   0.950
 1952.00   0.950
 1953.00   0.950
 1954.00   0.000
 1955.00   0.000
 1956.00   4.876
 1957.00   0.950
 1958.00   0.000
 1959.00   0.949
 1960.00   0.000
 1961.00   0.949
 1962.00   0.949
 1963.00   0.000
 1964.00   0.000
 1965.00   0.000
 1966.00   0.000
 1967.00   0.000
 1968.00   0.000
 1969.00   0.000
 1970.00   0.000
 1971.00   0.945
 1972.00   0.000
 1973.00   0.945
 1974.00   0.000
 1975.00   0.944
 1976.00   0.000
 1977.00   0.000
 1978.00   0.000
 1979.00   1.050
 1980.00   0.000
 1981.00   0.000
 1982.00   0.000
 1983.00   1.048
 1984.00   1.048
 1985.00   0.000
 1986.00   1.047
 1987.00   0.000
 1988.00   0.000
 1989.00   0.000
 1990.00   1.046
 1991.00   0.000
 1992.00   1.045
 1993.00   0.000
 1994.00   1.044
 1995.00   0.000
 1996.00   0.000
 1997.00   0.000
 1998.00   0.000
 1999.00   1.042
 2000.00   0.000
 2001.00   0.000
 2002.00   0.000
 2003.00   1.040
 2004.00   0.000
 2005.00   0.000
 2006.00   0.000
 2007.00   0.000
 2008.00   0.000
 2009.00   0.000
 2010.00   1.294
 2011.00   0.000
 2012.00   1.293
 2013.00   0.000
 2014.00   0.000
 2015.00   0.000
 2016.00   0.000
 2017.00   0.000
 2018.00   1.468
 2019.00   0.000
 2020.00   0.000
 2021.00   0.000
 2022.00   0.000
 2023.00   0.000
 2024.00   0.000
 2025.00   0.000
 2026.00   0.000
 2027.00   0.000
 2028.00   0.000
 2029.00   0.000
 2030.00   0.000
 2031.00   0.000
 2032.00   0.000
 2033.00   0.000
 2034.00   0.000
 2035.00   0.000
 2036.00   0.000
 2037.00   0.000
 2038.00   0.000
 2039.00   0.000
 2040.00   0.000
 2041.00   0.000
 2042.00   1.698
 2043.00   0.000
 2044.00   0.000
 2045.00   0.000
 2046.00   0.000
 2047.00   0.000
 2048.00   0.000
 2049.00   0.000
 2050.00   0.000
 2051.00   0.000
 2052.00   0.000
 2053.00   0.000
 2054.00   0.000
 2055.00   0.000
 2056.00   0.000
 2057.00   0.000
 2058.00   0.046
 2059.00   0.045
 2060.00   0.000
 2061.00   0.044
 2062.00   0.000
 2063.00   0.042
 2064.00   0.041
 2065.00   0.000
 2066.00   0.038
 2067.00   0.000
 2068.00   0.036
 2069.00   0.000
 2070.00   0.034
 2071.00   0.210
 2072.00   0.108
 2073.00   0.207
 2074.00   0.106
 2075.00   0.000
 2076.00   0.102
 2077.00   0.202
 2078.00   0.201
 2079.00   0.099
 2080.00   0.198
 2081.00   0.000
 2082.00   0.195
 2083.00   0.093
 2084.00   0.192
 2085.00   0.191
 2086.00   0.089
 2087.00   0.189
 2088.00   0.087
 2089.00   0.187
 2090.00   0.185
 2091.00   0.084
 2092.00   0.183
 2093.00   0.000
 2094.00   0.180
 2095.00   0.078
 2096.00   0.177
 2097.00   0.176
 2098.00   0.074
 2099.00   0.174
 2100.00   0.000
 2101.00   0.042
 2102.00   0.000
 2103.00   0.039
 2104.00   0.038
 2105.00   0.000
 2106.00   0.000
 2107.00   0.033
 2108.00   0.032
 2109.00   0.000
 2110.00   0.028
 2111.00   0.000
 2112.00   0.026
 2113.00   0.000
 2114.00   0.000
 2115.00   0.602
 2116.00   0.702
 2117.00   1.910
 2118.00   0.701
 2119.00   0.701
 2120.00   0.599
 2121.00   0.699
 2122.00   0.698
 2123.00   0.597
 2124.00   0.697
 2125.00   0.000
 2126.00   0.594
 2127.00   0.694
 2128.00   0.693
 2129.00   0.750
 2130.00   0.649
 2131.00   0.749
 2132.00   0.722
 2133.00   0.620
 2134.00   0.720
 2135.00   0.720
 2136.00   0.000
 2137.00   0.717
 2138.00   0.716
 2139.00   0.615
 2140.00   0.715
 2141.00   0.714
 2142.00   0.713
 2143.00   0.613
 2144.00   0.713
 2145.00   0.712
 2146.00   0.610
 2147.00   0.710
 2148.00   0.710
 2149.00   0.000
 2150.00   0.707
 2151.00   0.000
 2152.00   0.604
 2153.00   0.704
 2154.00   0.703
 2155.00   0.602
 2156.00   0.702
 2157.00   0.000
 2158.00   0.604
 2159.00   0.704
 2160.00   0.703
 2161.00   0.000
 2162.00   0.620
 2163.00   0.619
 2164.00   0.518
 2165.00   0.618
 2166.00   0.000
 2167.00   0.616
 2168.00   0.615
 2169.00   0.614
 2170.00   0.513
 2171.00   0.562
 2172.00   0.562
 2173.00   0.561
 2174.00   0.000
 2175.00   0.559
 2176.00   0.457
 2177.00   0.557
 2178.00   0.556
 2179.00   0.000
 2180.00   0.554
 2181.00   0.553
 2182.00   0.452
 2183.00   0.552
 2184.00   0.536
 2185.00   0.535
 2186.00   0.433
 2187.00   0.533
 2188.00   1.741
 2189.00   4.258
 2190.00   1.742
 2191.00   0.433
 2192.00   1.742
 2193.00   1.522
 2194.00   1.522
 2195.00   0.314
 2196.00   1.522
 2197.00   0.314
 2198.00   0.212
 2199.00   2.830
 2200.00   1.521
 2201.00   1.521
 2202.00   1.521
 2203.00   1.521
 2204.00   1.521
 2205.00   0.212
 2206.00   0.312
 2207.00   0.312
 2208.00   0.311
 2209.00   0.210
 2210.00   0.310
 2211.00   0.310
 2212.00   0.309
 2213.00   0.000
 2214.00   1.210
 2215.00   2.519
 2216.00   2.419
 2217.00   1.211
 2218.00   0.003
 2219.00   1.210
 2220.00   0.000
 2221.00   0.002
 2222.00   1.209
 2223.00   1.209
 2224.00   1.043
 2225.00   0.000
 2226.00   0.000
 2227.00   1.042
 2228.00   0.000
 2229.00   3.559
 2230.00   1.042
 2231.00   1.042
 2232.00   0.000
 2233.00   0.000
 2234.00   0.000
 2235.00   0.000
 2236.00   0.000
 2237.00   1.040
 2238.00   0.000
 2239.00   1.039
 2240.00   0.000
 2241.00   0.000
 2242.00   0.000
 2243.00   0.000
 2244.00   1.037
 2245.00   0.000
 2246.00   1.037
 2247.00   0.000
 2248.00   1.036
 2249.00   0.000
 2250.00   0.000
 2251.00   0.000
 2252.00   0.000
 2253.00   8.325
 2254.00   0.876
 2255.00   0.876
 2256.00   0.000
 2257.00   0.000
 2258.00   2.084
 2259.00   2.185
 2260.00   0.876
 2261.00   0.876
 2262.00   0.876
 2263.00   0.876
 2264.00   2.084
 2265.00   0.876
 2266.00   0.000
 2267.00   3.293
 2268.00   0.877
 2269.00   0.000
 2270.00   0.876
 2271.00   0.000
 2272.00   0.876
 2273.00   0.000
 2274.00   0.876
 2275.00   0.876
 2276.00   0.876
 2277.00   0.000
 2278.00   0.875
 2279.00   0.875
 2280.00   0.000
 2281.00   0.875
 2282.00   4.601
 2283.00   3.330
 2284.00   7.157
 2285.00   0.916
 2286.00   2.124
 2287.00   0.916
 2288.00   0.916
 2289.00   5.850
 2290.00   0.917
 2291.00   0.917
 2292.00   0.917
 2293.00   0.000
 2294.00   4.643
 2295.00   3.335
 2296.00   8.370
 2297.00   9.581
 2298.00   4.649
 2299.00   3.342
 2300.00  33.047
 2301.00  29.432
 2302.00  12.020
 2303.00   3.464
 2304.00   0.845
 2305.00   2.054
 2306.00   0.846
 2307.00   3.363
 2308.00   0.846
 2309.00   0.846
 2310.00   0.846
 2311.00   0.846
 2312.00   0.846
 2313.00   0.836
 2314.00   0.836
 2315.00   0.836
 2316.00   0.000
 2317.00   0.835
 2318.00   0.835
 2319.00   0.835
 2320.00   0.835
 2321.00   0.000
 2322.00   0.835
 2323.00   0.000
 2324.00   0.835
 2325.00   0.835
 2326.00   0.000
 2327.00   0.000
 2328.00   0.834
 2329.00   0.000
 2330.00   0.834
 2331.00   0.000
 2332.00   0.833
 2333.00   0.000
 2334.00   0.833
 2335.00   0.833
 2336.00   0.000
 2337.00   0.833
 2338.00   0.000
 2339.00   0.832
 2340.00   0.832
 2341.00   0.832
 2342.00   0.830
 2343.00   3.348
 2344.00   4.550
 2345.00   0.926
 2346.00   0.926
 2347.00   0.000
 2348.00   0.926
 2349.00   0.926
 2350.00   0.926
 2351.00   0.000
 2352.00   0.926
 2353.00   0.000
 2354.00   0.925
 2355.00   0.000
 2356.00   0.000
 2357.00   0.924
 2358.00   0.000
 2359.00   0.000
 2360.00   0.924
 2361.00   0.000
 2362.00   0.000
 2363.00   0.923
 2364.00   0.000
 2365.00   0.000
 2366.00   0.000
 2367.00   0.922
 2368.00   0.000
 2369.00   0.000
 2370.00   0.921
 2371.00   0.000
 2372.00   0.921
 2373.00   0.000
 2374.00   0.000
 2375.00   1.148
 2376.00   0.000
 2377.00   0.000
 2378.00   1.147
 2379.00   0.000
 2380.00   0.000
 2381.00   1.146
 2382.00   0.000
 2383.00   1.145
 2384.00   0.000
 2385.00   0.000
 2386.00   0.000
 2387.00   0.000
 2388.00   0.470
 2389.00   0.469
 2390.00   0.368
 2391.00   0.468
 2392.00   0.468
 2393.00   0.367
 2394.00   0.467
 2395.00   0.466
 2396.00   0.466
 2397.00   0.364
 2398.00   0.464
 2399.00   1.672
 2400.00   0.464
 2401.00   1.672
 2402.00   0.000
 2403.00   0.001
 2404.00   0.000
 2405.00   0.181
 2406.00   0.080
 2407.00   0.180
 2408.00   0.179
 2409.00   1.387
 2410.00   0.078
 2411.00   0.178
 2412.00   0.177
 2413.00   0.177
 2414.00   0.075
 2415.00   0.175
 2416.00   0.175
 2417.00   0.174
 2418.00   0.073
 2419.00   1.381
 2420.00   0.173
 2421.00   0.172
 2422.00   0.071
 2423.00   0.000
 2424.00   1.377
 2425.00   0.169
 2426.00   0.068
 2427.00   0.168
 2428.00   1.375
 2429.00   0.167
 2430.00   0.066
 2431.00   0.166
 2432.00   0.165
 2433.00   0.523
 2434.00   0.422
 2435.00   0.522
 2436.00   0.000
 2437.00   0.680
 2438.00   0.679
 2439.00   0.679
 2440.00   0.577
 2441.00   0.677
 2442.00   0.676
 2443.00   0.675
 2444.00   0.574
 2445.00   0.674
 2446.00   0.673
 2447.00   0.571
 2448.00   0.671
 2449.00   0.638
 2450.00   0.637
 2451.00   0.188
 2452.00   1.496
 2453.00   0.000
 2454.00   0.185
 2455.00   0.285
 2456.00   0.285
 2457.00   0.284
 2458.00   0.182
 2459.00   0.282
 2460.00   0.281
 2461.00   0.180
 2462.00   0.280
 2463.00   0.279
 2464.00   0.278
 2465.00   0.645
 2466.00   0.763
 2467.00   0.762
 2468.00   1.970
 2469.00   0.000
 2470.00   0.759
 2471.00   0.000
 2472.00   0.756
 2473.00   0.000
 2474.00   0.754
 2475.00   0.753
 2476.00   0.651
 2477.00   0.751
 2478.00   0.264
 2479.00   1.472
 2480.00   0.263
 2481.00   0.162
 2482.00   0.000
 2483.00   0.159
 2484.00   0.000
 2485.00   0.257
 2486.00   1.465
 2487.00   0.156
 2488.00   0.256
 2489.00   0.255
 2490.00   0.254
 2491.00   0.152
 2492.00   0.000
 2493.00   0.535
 2494.00   0.635
 2495.00   0.634
 2496.00   4.258
 2497.00   1.819
 2498.00   1.819
 2499.00   0.611
 2500.00   1.819
 2501.00   0.610
 2502.00   0.609
 2503.00   0.508
 2504.00   0.608
 2505.00   0.607
 2506.00   0.156
 2507.00   1.465
 2508.00   0.256
 2509.00   0.255
 2510.00   0.255
 2511.00   0.153
 2512.00   0.253
 2513.00   0.252
 2514.00   0.151
 2515.00   0.250
 2516.00   0.250
 2517.00   0.249
 2518.00   0.147
 2519.00   0.000
 2520.00   0.775
 2521.00   0.674
 2522.00   0.773
 2523.00   0.773
 2524.00   0.671
 2525.00   0.771
 2526.00   0.771
 2527.00   0.696
 2528.00   0.000
 2529.00   0.693
 2530.00   0.000
 2531.00   0.691
 2532.00   0.690
 2533.00   0.589
 2534.00   0.128
 2535.00   0.127
 2536.00   0.026
 2537.00   1.334
 2538.00   0.126
 2539.00   1.333
 2540.00   0.125
 2541.00   0.124
 2542.00   0.023
 2543.00   0.122
 2544.00   3.847
 2545.00   1.332
 2546.00   1.332
 2547.00   1.332
 2548.00   0.432
 2549.00   0.531
 2550.00   0.531
 2551.00   0.530
 2552.00   0.000
 2553.00   0.527
 2554.00   0.426
 2555.00   0.526
 2556.00   0.523
 2557.00   0.522
 2558.00   0.182
 2559.00   0.000
 2560.00   0.181
 2561.00   0.000
 2562.00   0.000
 2563.00   0.000
 2564.00   0.000
 2565.00   1.108
 2566.00   0.000
 2567.00   0.000
 2568.00   0.000
 2569.00   7.349
 2570.00   1.109
 2571.00   1.109
 2572.00   1.109
 2573.00   1.109
 2574.00   1.109
 2575.00   0.000
 2576.00   1.109
 2577.00   1.109
 2578.00   2.317
 2579.00   1.109
 2580.00   0.000
 2581.00   1.109
 2582.00   0.000
 2583.00   1.108
 2584.00   0.000
 2585.00   0.000
 2586.00   0.000
 2587.00   0.000
 2588.00   0.000
 2589.00   0.000
 2590.00   0.000
 2591.00   0.952
 2592.00   0.952
 2593.00   0.952
 2594.00   2.261
 2595.00   0.953
 2596.00   0.000
 2597.00   0.000
 2598.00   0.000
 2599.00   0.000
 2600.00   0.000
 2601.00   0.950
 2602.00   0.000
 2603.00   0.950
 2604.00   0.000
 2605.00   0.000
 2606.00   0.949
 2607.00   0.000
 2608.00   3.466
 2609.00   2.158
 2610.00   0.950
 2611.00   0.000
 2612.00   0.000
 2613.00   0.000
 2614.00   0.948
 2615.00   3.466
 2616.00   0.951
 2617.00   0.803
 2618.00   0.000
 2619.00   0.803
 2620.00   0.000
 2621.00   7.045
 2622.00   0.804
 2623.00   0.804
 2624.00   0.804
 2625.00   0.000
 2626.00   3.321
 2627.00   4.530
 2628.00  20.542
 2629.00  52.770
 2630.00  49.060
 2631.00  29.237
 2632.00  38.005
 2633.00  24.321
 2634.00  10.734
 2635.00  10.737
 2636.00   5.906
 2637.00   5.807
 2638.00   7.016
 2639.00  22.122
 2640.00  53.536
 2641.00  24.348
 2642.00  78.930
 2643.00  41.894
 2644.00  24.282
 2645.00  41.910
 2646.00  28.326
 2647.00  28.231
 2648.00  16.602
 2649.00  14.693
 2650.00   8.755
 2651.00  18.625
 2652.00  26.383
 2653.00   8.768
 2654.00   6.857
 2655.00   6.858
 2656.00   3.033
 2657.00   1.020
 2658.00   2.933
 2659.00   4.947
 2660.00   2.934
 2661.00   1.022
 2662.00   3.035
 2663.00   1.022
 2664.00   4.848
 2665.00   3.037
 2666.00   1.023
 2667.00   1.023
 2668.00   1.023
 2669.00   2.937
 2670.00  24.486
 2671.00  18.550
 2672.00  32.249
 2673.00  20.576
 2674.00   1.046
 2675.00   2.957
 2676.00   3.058
 2677.00   4.972
 2678.00   2.945
 2679.00   1.033
 2680.00   1.033
 2681.00   1.033
 2682.00   0.000
 2683.00   1.032
 2684.00   0.000
 2685.00   1.032
 2686.00   1.032
 2687.00   0.000
 2688.00   1.031
 2689.00   1.031
 2690.00   0.000
 2691.00   1.031
 2692.00   0.000
 2693.00   1.030
 2694.00   0.000
 2695.00   0.000
 2696.00   0.000
 2697.00   1.029
 2698.00   0.000
 2699.00   1.028
 2700.00   0.000
 2701.00   1.028
 2702.00   0.000
 2703.00   0.000
 2704.00   0.000
 2705.00   0.000
 2706.00   0.983
 2707.00   0.000
 2708.00   0.982
 2709.00   0.000
 2710.00   1.098
 2711.00   0.000
 2712.00   0.000
 2713.00   0.000
 2714.00   1.097
 2715.00   0.000
 2716.00   1.096
 2717.00   0.000
 2718.00   0.000
 2719.00   0.000
 2720.00   1.095
 2721.00   0.000
 2722.00   1.094
 2723.00   0.000
 2724.00   1.094
 2725.00   1.094
 2726.00   0.000
 2727.00   1.093
 2728.00   0.000
 2729.00   0.000
 2730.00   0.000
 2731.00   1.091
 2732.00   0.000
 2733.00   0.000
 2734.00   1.090
 2735.00   0.000
 2736.00   0.000
 2737.00   0.000
 2738.00   0.000
 2739.00   0.000
 2740.00   0.000
 2741.00   0.000
 2742.00   1.750
 2743.00   0.000
 2744.00   0.000
 2745.00   0.000
 2746.00   0.000
 2747.00   0.000
 2748.00   0.000
 2749.00   0.000
 2750.00   0.000
 2751.00   0.000
 2752.00   0.000
 2753.00   0.000
 2754.00   0.000
 2755.00   0.000
 2756.00   0.000
 2757.00   0.000
 2758.00   0.000
 2759.00   0.000
 2760.00   0.000
 2761.00   0.000
 2762.00   0.000
 2763.00   0.000
 2764.00   0.000
 2765.00   0.000
 2766.00   0.000
 2767.00   0.000
 2768.00   0.000
 2769.00   0.000
 2770.00   0.000
 2771.00   0.000
 2772.00   0.000
 2773.00   0.000
 2774.00   1.735
 2775.00   0.000
 2776.00   0.000
 2777.00   0.000
 2778.00   0.000
 2779.00   0.000
 2780.00   0.000
 2781.00   0.000
 2782.00   0.000
 2783.00   0.000
 2784.00   0.000
 2785.00   0.000
 2786.00   0.000
 2787.00   1.723
 2788.00   1.723
 2789.00   0.000
 2790.00   0.000
 2791.00   0.000
 2792.00   0.000
 2793.00   0.000
 2794.00   0.000
 2795.00   0.000
 2796.00   0.000
 2797.00   0.000
 2798.00   0.000
 2799.00   0.000
 2800.00   0.000
 2801.00   0.005
 2802.00   0.000
 2803.00   0.003
 2804.00   0.002
 2805.00   0.000
 2806.00   0.000
 2807.00   0.000
 2808.00   0.000
 2809.00   0.000
 2810.00   0.000
 2811.00   0.000
 2812.00   0.000
 2813.00   0.000
 2814.00   0.000
 2815.00   0.000
 2816.00   0.000
 2817.00   0.000
 2818.00   0.000
 2819.00   0.000
 2820.00   0.000
 2821.00   0.000
 2822.00   1.895
 2823.00   0.000
 2824.00   0.000
 2825.00   0.000
 2826.00   0.213
 2827.00   0.112
 2828.00   0.209
 2829.00   0.208
 2830.00   0.106
 2831.00   0.000
 2832.00   0.225
 2833.00   0.224
 2834.00   0.122
 2835.00   0.222
 2836.00   0.221
 2837.00   0.119
 2838.00   0.000
 2839.00   0.216
 2840.00   0.215
 2841.00   0.000
 2842.00   0.212
 2843.00   0.000
 2844.00   0.108
 2845.00   0.208
 2846.00   0.207
 2847.00   0.105
 2848.00   0.204
 2849.00   0.000
 2850.00   0.201
 2851.00   0.099
 2852.00   0.000
 2853.00   2.110
 2854.00   0.000
 2855.00   0.094
 2856.00   0.193
 2857.00   0.192
 2858.00   0.091
 2859.00   0.190
 2860.00   0.189
 2861.00   0.084
 2862.00   0.154
 2863.00   0.053
 2864.00   0.000
 2865.00   0.049
 2866.00   0.149
 2867.00   0.148
 2868.00   0.000
 2869.00   0.044
 2870.00   0.000
 2871.00   0.041
 2872.00   0.140
 2873.00   0.000
 2874.00   0.137
 2875.00   0.035
 2876.00   0.135
 2877.00   0.134
 2878.00   0.000
 2879.00   0.030
 2880.00   0.129
 2881.00   0.128
 2882.00   0.026
 2883.00   0.126
 2884.00   0.125
 2885.00   0.023
 2886.00   0.123
 2887.00   0.021
 2888.00   0.120
 2889.00   0.108
 2890.00   0.006
 2891.00   0.000
 2892.00   0.000
 2893.00   0.013
 2894.00   0.000
 2895.00   0.011
 2896.00   0.010
 2897.00   0.000
 2898.00   0.000
 2899.00   0.006
 2900.00   0.000
 2901.00   0.003
 2902.00   0.002
 2903.00   1.914
 2904.00   3.827
 2905.00   1.915
 2906.00   0.002
 2907.00   0.000
 2908.00   0.000
 2909.00   0.000
 2910.00   0.000
 2911.00   0.000
 2912.00   0.000
 2913.00   0.000
 2914.00   0.000
 2915.00   0.000
 2916.00   0.000
 2917.00   3.916
 2918.00   5.843
 2919.00   1.918
 2920.00   0.000
 2921.00   1.917
 2922.00   0.003
 2923.00   0.000
 2924.00   1.627
 2925.00   0.000
 2926.00   0.000
 2927.00   0.000
 2928.00   1.625
 2929.00   1.625
 2930.00   1.625
 2931.00   0.000
 2932.00   0.000
 2933.00   0.000
 2934.00   0.000
 2935.00   0.000
 2936.00   0.000
 2937.00   0.000
 2938.00   0.000
 2939.00   0.000
 2940.00   0.000
 2941.00   0.000
 2942.00   0.000
 2943.00   0.000
 2944.00   0.000
 2945.00   0.000
 2946.00   0.000
 2947.00   0.000
 2948.00   0.000
 2949.00   0.000
 2950.00   0.000
 2951.00   0.000
 2952.00   1.608
 2953.00   0.000
 2954.00   0.000
 2955.00   0.000
 2956.00   0.000
 2957.00   1.070
 2958.00   1.070
 2959.00   0.000
 2960.00   1.070
 2961.00   0.000
 2962.00   1.069
 2963.00   6.909
 2964.00   1.071
 2965.00   0.000
 2966.00   1.070
 2967.00  18.692
 2968.00   8.830
 2969.00   3.093
 2970.00   4.906
 2971.00   1.081
 2972.00   0.000
 2973.00   2.993
 2974.00  14.775
 2975.00 239.127
 2976.00 118.269
 2977.00  32.412
 2978.00  28.595
 2979.00  24.514
 2980.00  51.905
 2981.00  30.473
 2982.00  16.787
 2983.00  12.644
 2984.00   8.821
 2985.00   8.722
 2986.00   6.810
 2987.00   8.826
 2988.00   4.900
 2989.00   2.887
 2990.00   8.728
 2991.00   8.830
 2992.00  20.513
 2993.00  30.284
 2994.00  12.670
 2995.00   8.745
 2996.00   6.834
 2997.00  26.370
 2998.00  20.535
 2999.00   4.932
 3000.00  24.468
 3001.00   6.852
 3002.00   4.839
 3003.00   3.027
 3004.00  22.462
 3005.00  20.554
 3006.00  12.704
 3007.00  14.721
 3008.00  72.523
 3009.00  81.905
 3010.00  39.834
 3011.00  33.400
 3012.00  78.620
 3013.00  62.529
 3014.00  66.736
 3015.00 104.114
 3016.00 100.806
 3017.00 117.419
 3018.00 130.616
 3019.00 117.429
 3020.00 117.425
 3021.00 114.102
 3022.00 117.424
 3023.00  84.296
 3024.00  67.772
 3025.00  54.475
 3026.00  51.148
 3027.00  61.116
 3028.00  61.119
 3029.00  54.473
 3030.00  51.148
 3031.00  44.501
 3032.00  44.499
 3033.00  41.176
 3034.00  41.175
 3035.00  37.852
 3036.00  37.851
 3037.00  34.629
 3038.00  34.628
 3039.00  31.305
 3040.00  31.304
 3041.00  34.627
 3042.00  34.628
 3043.00  31.303
 3044.00  27.962
 3045.00  27.961
 3046.00  24.638
 3047.00  24.637
 3048.00  24.637
 3049.00  24.637
 3050.00  24.637
 3051.00  24.637
 3052.00  24.637
 3053.00  24.637
 3054.00  24.637
 3055.00  24.637
 3056.00  24.638
 3057.00  24.638
 3058.00  24.638
 3059.00  18.093
 3060.00  18.091
 3061.00  18.091
 3062.00  14.869
 3063.00  14.868
 3064.00  11.646
 3065.00   8.422
 3066.00   8.421
 3067.00   5.199
 3068.00   1.875
 3069.00   1.874
 3070.00   0.000
 3071.00   1.169
 3072.00   0.000
 3073.00   1.168
 3074.00   0.000
 3075.00   1.316
 3076.00   1.316
 3077.00   1.316
 3078.00   0.000
 3079.00   1.315
 3080.00   0.000
 3081.00   1.314
 3082.00   0.000
 3083.00   0.000
 3084.00   0.000
 3085.00   1.311
 3086.00   1.311
 3087.00   0.000
 3088.00   1.310
 3089.00   0.000
 3090.00   0.000
 3091.00   1.308
 3092.00   1.308
 3093.00   0.000
 3094.00   1.308
 3095.00   0.000
 3096.00   1.307
 3097.00   1.307
 3098.00   0.000
 3099.00   1.306
 3100.00   1.306
 3101.00   0.000
 3102.00   1.303
 3103.00   0.000
 3104.00   0.000
 3105.00   0.000
 3106.00   0.000
 3107.00   0.000
 3108.00   2.053
 3109.00   0.000
 3110.00   0.000
 3111.00   0.000
 3112.00   0.000
 3113.00   0.000
 3114.00   0.000
 3115.00   0.000
 3116.00   0.000
 3117.00   0.000
 3118.00   0.000
 3119.00   2.040
 3120.00   0.000
 3121.00   0.000
 3122.00   0.000
 3123.00   0.000
 3124.00   0.000
 3125.00   0.000
 3126.00   0.000
 3127.00   2.031
 3128.00   0.000
 3129.00   0.000
 3130.00   0.000
 3131.00   0.000
 3132.00   2.030
 3133.00   0.000
 3134.00   0.000
 3135.00   0.000
 3136.00   0.000
 3137.00   0.000
 3138.00   0.000
 3139.00   0.000
 3140.00   0.000
 3141.00   2.303
 3142.00   0.000
 3143.00   2.302
 3144.00   0.000
 3145.00   2.301
 3146.00   0.000
 3147.00   0.000
 3148.00   0.000
 3149.00   0.000
 3150.00   0.000
 3151.00   0.000
 3152.00   0.000
 3153.00   0.000
 3154.00   0.000
 3155.00   0.000
 3156.00   0.000
 3157.00   0.000
 3158.00   0.000
 3159.00   0.000
 3160.00   0.000
 3161.00   0.000
 3162.00   0.000
 3163.00   0.000
 3164.00   0.000
 3165.00   0.000
 3166.00   0.000
 3167.00   0.152
 3168.00   0.151
 3169.00   0.149
 3170.00   0.047
 3171.00   0.000
 3172.00   0.143
 3173.00   0.142
 3174.00   0.140
 3175.00   0.139
 3176.00   0.137
 3177.00   0.136
 3178.00   0.000
 3179.00   0.131
 3180.00   0.129
 3181.00   0.128
 3182.00   0.126
 3183.00   2.743
 3184.00   0.000
 3185.00   0.323
 3186.00   0.322
 3187.00   0.320
 3188.00   0.319
 3189.00   0.318
 3190.00   0.316
 3191.00   0.315
 3192.00   0.314
 3193.00   0.312
 3194.00   0.311
 3195.00   0.309
 3196.00   0.308
 3197.00   0.334
 3198.00   0.607
 3199.00   0.505
 3200.00   0.000
 3201.00   0.501
 3202.00   0.500
 3203.00   0.498
 3204.00   2.913
 3205.00   0.000
 3206.00   0.000
 3207.00   0.491
 3208.00   0.490
 3209.00   0.000
 3210.00   0.486
 3211.00   0.484
 3212.00   0.483
 3213.00   0.482
 3214.00   0.480
 3215.00   0.579
 3216.00   0.477
 3217.00   0.476
 3218.00   0.475
 3219.00   0.000
 3220.00   0.471
 3221.00   0.000
 3222.00   0.467
 3223.00   0.465
 3224.00   0.464
 3225.00   0.000
 3226.00   0.460
 3227.00   0.458
 3228.00   0.420
 3229.00   0.419
 3230.00   0.417
 3231.00   0.416
 3232.00   0.515
 3233.00   0.000
 3234.00   0.411
 3235.00   0.000
 3236.00   0.407
 3237.00   0.406
 3238.00   0.404
 3239.00   0.403
 3240.00   0.402
 3241.00   0.000
 3242.00   0.398
 3243.00   0.396
 3244.00   0.395
 3245.00   0.394
 3246.00   0.392
 3247.00   0.000
 3248.00   0.554
 3249.00   0.452
 3250.00   0.450
 3251.00   0.449
 3252.00   0.448
 3253.00   0.446
 3254.00   0.445
 3255.00   0.000
 3256.00   0.441
 3257.00   0.442
 3258.00   0.327
 3259.00   0.326
 3260.00   0.325
 3261.00   0.323
 3262.00   0.322
 3263.00   0.000
 3264.00   0.319
 3265.00   0.418
 3266.00   0.316
 3267.00   0.315
 3268.00   0.314
 3269.00   0.313
 3270.00   0.311
 3271.00   0.000
 3272.00   0.000
 3273.00   0.507
 3274.00   0.506
 3275.00   0.505
 3276.00   0.504
 3277.00   0.503
 3278.00   0.502
 3279.00   0.000
 3280.00   0.498
 3281.00   0.000
 3282.00   0.000
 3283.00  20.422
 3284.00   0.493
 3285.00   0.000
 3286.00   0.490
 3287.00   0.486
 3288.00   0.485
 3289.00   0.121
 3290.00   0.120
 3291.00   0.119
 3292.00   2.333
 3293.00   0.219
 3294.00   0.117
 3295.00   2.332
 3296.00   0.117
 3297.00  19.953
 3298.00  15.629
 3299.00   4.558
 3300.00   2.343
 3301.00   6.774
 3302.00   8.991
 3303.00   6.778
 3304.00  10.802
 3305.00   4.159
 3306.00  16.243
 3307.00  13.933
 3308.00   6.788
 3309.00   6.790
 3310.00   4.375
 3311.00   6.792
 3312.00   4.378
 3313.00   1.962
 3314.00   1.962
 3315.00   1.962
 3316.00   1.962
 3317.00   0.000
 3318.00   0.000
 3319.00   1.960
 3320.00   1.719
 3321.00   0.000
 3322.00   0.000
 3323.00   0.000
 3324.00   1.717
 3325.00   0.000
 3326.00   0.000
 3327.00   1.715
 3328.00   1.715
 3329.00   0.000
 3330.00   1.215
 3331.00   0.000
 3332.00   3.631
 3333.00   3.632
 3334.00   1.216
 3335.00   0.000
 3336.00   0.000
 3337.00   1.214
 3338.00   3.631
 3339.00   1.215
 3340.00   3.632
 3341.00   1.216
 3342.00   3.633
 3343.00   1.217
 3344.00   3.633
 3345.00   3.634
 3346.00   1.218
 3347.00   1.216
 3348.00   0.982
 3349.00   3.398
 3350.00   0.982
 3351.00  22.732
 3352.00   3.404
 3353.00   0.988
 3354.00   0.988
 3355.00  73.286
 3356.00   8.255
 3357.00  13.090
 3358.00   5.843
 3359.00  25.077
 3360.00  13.100
 3361.00   8.269
 3362.00   5.854
 3363.00   1.022
 3364.00   1.022
 3365.00   1.022
 3366.00   1.022
 3367.00   1.022
 3368.00   1.104
 3369.00   0.000
 3370.00   5.836
 3371.00   3.521
 3372.00   1.105
 3373.00   1.105
 3374.00   0.000
 3375.00   1.105
 3376.00   1.105
 3377.00   1.105
 3378.00   0.000
 3379.00   1.156
 3380.00   1.156
 3381.00   1.156
 3382.00   1.156
 3383.00   1.156
 3384.00  20.389
 3385.00   1.161
 3386.00   3.578
 3387.00   1.162
 3388.00   0.000
 3389.00   1.161
 3390.00   0.000
 3391.00   1.160
 3392.00   1.160
 3393.00   0.000
 3394.00   1.160
 3395.00   1.160
 3396.00  25.528
 3397.00   3.784
 3398.00   3.785
 3399.00   1.167
 3400.00   1.167
 3401.00   1.167
 3402.00   1.167
 3403.00   1.167
 3404.00   0.000
 3405.00   1.167
 3406.00   0.000
 3407.00   1.166
 3408.00   0.000
 3409.00   0.000
 3410.00   0.000
 3411.00   0.000
 3412.00   0.000
 3413.00   1.155
 3414.00   0.000
 3415.00   1.154
 3416.00   0.000
 3417.00   1.153
 3418.00   1.153
 3419.00   0.000
 3420.00   1.153
 3421.00   1.153
 3422.00   0.000
 3423.00   1.152
 3424.00   0.000
 3425.00   1.152
 3426.00   0.000
 3427.00   1.151
 3428.00   1.151
 3429.00   0.000
 3430.00   0.000
 3431.00   1.150
 3432.00   0.000
 3433.00   0.000
 3434.00   0.000
 3435.00   0.000
 3436.00   0.000
 3437.00   0.000
 3438.00   0.000
 3439.00   1.145
 3440.00   0.000
 3441.00   1.281
 3442.00   0.000
 3443.00   1.280
 3444.00   0.000
 3445.00   1.280
 3446.00   0.000
 3447.00   1.279
 3448.00   0.000
 3449.00   1.278
 3450.00   0.000
 3451.00   0.000
 3452.00   0.000
 3453.00   0.000
 3454.00   0.000
 3455.00   0.000
 3456.00   1.274
 3457.00   0.000
 3458.00   0.000
 3459.00   1.272
 3460.00   0.000
 3461.00   1.272
 3462.00   0.000
 3463.00   1.271
 3464.00   1.271
 3465.00   3.587
 3466.00   1.272
 3467.00   1.272
 3468.00   0.000
 3469.00   1.271
 3470.00   0.000
 3471.00   0.000
 3472.00   1.598
 3473.00   0.000
 3474.00   0.000
 3475.00   0.000
 3476.00   0.000
 3477.00   1.594
 3478.00   0.000
 3479.00   1.835
 3480.00   0.000
 3481.00   0.000
 3482.00   0.000
 3483.00   0.000
 3484.00   1.832
 3485.00   0.000
 3486.00   0.000
 3487.00   0.000
 3488.00   1.829
 3489.00   0.000
 3490.00   0.000
 3491.00   0.000
 3492.00   0.000
 3493.00   1.825
 3494.00   0.000
 3495.00   0.000
 3496.00   0.000
 3497.00   0.000
 3498.00   1.824
 3499.00   0.000
 3500.00   1.823
