    2016a           2021Edson   Queiroz Braco 1 , EngRev, 0.13
JDAY    QIN
----    ----
    1.00   0.000
    2.00   0.096
    3.00   0.000
    4.00   0.000
    5.00   0.000
    6.00   0.096
    7.00   0.000
    8.00   0.000
    9.00   0.096
   10.00   0.096
   11.00   0.096
   12.00   0.000
   13.00   0.096
   14.00   0.096
   15.00   0.000
   16.00   0.096
   17.00   0.096
   18.00   0.096
   19.00   0.000
   20.00   0.637
   21.00   0.517
   22.00   0.096
   23.00   1.827
   24.00   3.017
   25.00   1.620
   26.00   0.748
   27.00   0.418
   28.00   0.433
   29.00   0.313
   30.00   0.102
   31.00   0.208
   32.00   0.091
   33.00   0.211
   34.00   0.091
   35.00   0.091
   36.00   0.091
   37.00   0.091
   38.00   0.000
   39.00   0.091
   40.00   0.091
   41.00   0.000
   42.00   0.000
   43.00   0.091
   44.00   0.091
   45.00   0.000
   46.00   0.000
   47.00   0.091
   48.00   0.000
   49.00   0.000
   50.00   0.000
   51.00   0.000
   52.00   0.000
   53.00   0.000
   54.00   0.090
   55.00   0.090
   56.00   0.000
   57.00   0.090
   58.00   0.000
   59.00   0.000
   60.00   0.000
   61.00   0.079
   62.00   0.000
   63.00   0.000
   64.00   0.000
   65.00   0.000
   66.00   0.079
   67.00   0.000
   68.00   0.000
   69.00   0.000
   70.00   0.079
   71.00   0.079
   72.00   0.000
   73.00   0.079
   74.00   0.079
   75.00   0.000
   76.00   0.000
   77.00   0.000
   78.00   0.079
   79.00   0.000
   80.00   0.000
   81.00   0.000
   82.00   0.078
   83.00   0.000
   84.00   0.000
   85.00   0.000
   86.00   0.000
   87.00   0.000
   88.00   0.078
   89.00   0.289
   90.00   0.078
   91.00   0.184
   92.00   0.186
   93.00   0.186
   94.00   0.081
   95.00   0.081
   96.00   0.081
   97.00   0.954
   98.00   2.022
   99.00   1.166
  100.00   0.519
  101.00   0.188
  102.00   0.294
  103.00   0.083
  104.00   0.189
  105.00   0.083
  106.00   0.083
  107.00   0.083
  108.00   0.000
  109.00   0.083
  110.00   0.083
  111.00   0.000
  112.00   0.083
  113.00   0.083
  114.00   0.000
  115.00   0.083
  116.00   0.000
  117.00   0.000
  118.00   0.000
  119.00   0.000
  120.00   0.000
  121.00   0.000
  122.00   0.082
  123.00   0.082
  124.00   0.187
  125.00   0.082
  126.00   0.000
  127.00   0.000
  128.00   0.082
  129.00   0.000
  130.00   0.202
  131.00   0.000
  132.00   0.082
  133.00   0.000
  134.00   0.082
  135.00   0.000
  136.00   0.082
  137.00   0.000
  138.00   0.000
  139.00   0.082
  140.00   0.000
  141.00   0.000
  142.00   0.082
  143.00   0.000
  144.00   0.000
  145.00   0.000
  146.00   0.082
  147.00   0.000
  148.00   0.000
  149.00   0.081
  150.00   0.000
  151.00   0.081
  152.00   0.187
  153.00   0.087
  154.00   0.000
  155.00   0.087
  156.00   0.000
  157.00   0.087
  158.00   0.000
  159.00   0.000
  160.00   0.000
  161.00   0.000
  162.00   0.087
  163.00   0.000
  164.00   0.087
  165.00   0.000
  166.00   0.000
  167.00   0.000
  168.00   0.087
  169.00   0.000
  170.00   0.000
  171.00   0.000
  172.00   0.000
  173.00   0.087
  174.00   0.000
  175.00   0.000
  176.00   0.000
  177.00   0.086
  178.00   0.000
  179.00   0.000
  180.00   0.000
  181.00   0.000
  182.00   0.000
  183.00   0.000
  184.00   0.000
  185.00   0.000
  186.00   0.000
  187.00   0.000
  188.00   0.000
  189.00   0.000
  190.00   0.194
  191.00   0.089
  192.00   0.000
  193.00   0.000
  194.00   0.000
  195.00   0.089
  196.00   0.000
  197.00   0.000
  198.00   0.000
  199.00   0.000
  200.00   0.088
  201.00   0.000
  202.00   0.088
  203.00   0.000
  204.00   0.000
  205.00   0.000
  206.00   0.000
  207.00   0.000
  208.00   0.000
  209.00   0.000
  210.00   0.000
  211.00   0.088
  212.00   0.000
  213.00   0.000
  214.00   0.000
  215.00   0.000
  216.00   0.000
  217.00   0.000
  218.00   0.000
  219.00   0.000
  220.00   0.098
  221.00   0.000
  222.00   0.000
  223.00   0.000
  224.00   0.000
  225.00   0.000
  226.00   0.000
  227.00   0.000
  228.00   0.000
  229.00   0.000
  230.00   0.000
  231.00   0.000
  232.00   0.097
  233.00   0.000
  234.00   0.000
  235.00   0.096
  236.00   0.000
  237.00   0.000
  238.00   0.000
  239.00   0.000
  240.00   0.000
  241.00   0.000
  242.00   0.000
  243.00   0.000
  244.00   0.000
  245.00   0.000
  246.00   0.000
  247.00   0.000
  248.00   0.000
  249.00   0.000
  250.00   0.000
  251.00   0.000
  252.00   0.000
  253.00   0.000
  254.00   0.000
  255.00   0.000
  256.00   0.000
  257.00   0.000
  258.00   0.000
  259.00   0.000
  260.00   0.000
  261.00   0.000
  262.00   0.000
  263.00   0.000
  264.00   0.000
  265.00   0.000
  266.00   0.000
  267.00   0.000
  268.00   0.000
  269.00   0.000
  270.00   0.000
  271.00   0.000
  272.00   0.000
  273.00   0.000
  274.00   0.000
  275.00   0.000
  276.00   0.000
  277.00   0.000
  278.00   0.000
  279.00   0.000
  280.00   0.000
  281.00   0.000
  282.00   0.000
  283.00   0.000
  284.00   0.000
  285.00   0.000
  286.00   0.000
  287.00   0.000
  288.00   0.000
  289.00   0.000
  290.00   0.000
  291.00   0.000
  292.00   0.000
  293.00   0.000
  294.00   0.000
  295.00   0.000
  296.00   0.000
  297.00   0.000
  298.00   0.000
  299.00   0.000
  300.00   0.000
  301.00   0.000
  302.00   0.000
  303.00   0.000
  304.00   0.000
  305.00   0.000
  306.00   0.000
  307.00   0.000
  308.00   0.000
  309.00   0.000
  310.00   0.000
  311.00   0.000
  312.00   0.000
  313.00   0.000
  314.00   0.000
  315.00   0.000
  316.00   0.000
  317.00   0.000
  318.00   0.000
  319.00   0.000
  320.00   0.000
  321.00   0.000
  322.00   0.035
  323.00   0.050
  324.00   0.034
  325.00   0.034
  326.00   0.034
  327.00   0.049
  328.00   0.034
  329.00   0.034
  330.00   0.034
  331.00   0.049
  332.00   0.034
  333.00   0.034
  334.00   0.034
  335.00   0.049
  336.00   0.030
  337.00   0.030
  338.00   0.030
  339.00   0.045
  340.00   0.029
  341.00   0.029
  342.00   0.029
  343.00   0.029
  344.00   0.044
  345.00   0.029
  346.00   0.029
  347.00   0.029
  348.00   0.044
  349.00   0.029
  350.00   0.029
  351.00   0.029
  352.00   0.044
  353.00   0.029
  354.00   0.029
  355.00   0.028
  356.00   0.089
  357.00   0.043
  358.00   0.028
  359.00   0.088
  360.00   0.028
  361.00   0.088
  362.00   0.028
  363.00   0.088
  364.00   0.043
  365.00   0.088
  366.00   0.028
  367.00   0.015
  368.00   0.015
  369.00   0.030
  370.00   0.015
  371.00   0.015
  372.00   0.015
  373.00   0.015
  374.00   0.030
  375.00   0.015
  376.00   0.015
  377.00   0.015
  378.00   0.030
  379.00   0.015
  380.00   0.015
  381.00   0.015
  382.00   0.075
  383.00   0.030
  384.00   0.075
  385.00   0.015
  386.00   0.075
  387.00   0.014
  388.00   0.240
  389.00   0.075
  390.00   0.030
  391.00   0.075
  392.00   0.015
  393.00   0.075
  394.00   0.014
  395.00   0.014
  396.00   0.029
  397.00   0.014
  398.00   0.006
  399.00   0.006
  400.00   0.021
  401.00   0.066
  402.00   0.006
  403.00   0.006
  404.00   0.006
  405.00   0.066
  406.00   0.066
  407.00   2.609
  408.00   1.377
  409.00   0.174
  410.00   0.069
  411.00   0.129
  412.00   0.009
  413.00   0.069
  414.00   0.626
  415.00   0.069
  416.00   0.069
  417.00   0.491
  418.00   0.070
  419.00   0.000
  420.00   0.069
  421.00   0.506
  422.00   0.070
  423.00   0.070
  424.00   0.070
  425.00   0.175
  426.00   0.061
  427.00   5.794
  428.00   8.701
  429.00   1.467
  430.00   1.047
  431.00   0.822
  432.00   0.611
  433.00   0.296
  434.00   0.281
  435.00   3.425
  436.00   3.954
  437.00   2.661
  438.00   2.346
  439.00   8.607
  440.00   3.645
  441.00   4.294
  442.00   3.543
  443.00   2.025
  444.00   2.191
  445.00   1.003
  446.00   1.380
  447.00   2.855
  448.00   6.918
  449.00   6.560
  450.00   2.499
  451.00   1.387
  452.00   1.387
  453.00   1.388
  454.00   1.193
  455.00   1.389
  456.00   2.126
  457.00   1.770
  458.00   1.771
  459.00   1.200
  460.00   0.659
  461.00   0.478
  462.00   0.102
  463.00   0.283
  464.00   0.283
  465.00   0.283
  466.00   0.659
  467.00   0.103
  468.00   0.298
  469.00   0.464
  470.00   0.840
  471.00   0.479
  472.00   0.284
  473.00   0.103
  474.00   0.103
  475.00   0.284
  476.00   0.299
  477.00   0.103
  478.00   0.284
  479.00   0.284
  480.00   0.284
  481.00   0.104
  482.00   0.104
  483.00   0.104
  484.00   0.104
  485.00   0.000
  486.00   0.104
  487.00   0.102
  488.00   0.102
  489.00   0.102
  490.00   0.102
  491.00   0.102
  492.00   0.102
  493.00   0.000
  494.00   0.102
  495.00   0.102
  496.00   0.000
  497.00   0.102
  498.00   0.000
  499.00   0.102
  500.00   0.102
  501.00   0.000
  502.00   0.102
  503.00   0.000
  504.00   0.102
  505.00   0.000
  506.00   0.102
  507.00   0.000
  508.00   0.000
  509.00   0.000
  510.00   0.000
  511.00   0.000
  512.00   0.102
  513.00   0.000
  514.00   0.282
  515.00   0.102
  516.00   0.102
  517.00   0.102
  518.00   0.000
  519.00   0.000
  520.00   0.113
  521.00   0.000
  522.00   0.000
  523.00   0.113
  524.00   0.000
  525.00   0.000
  526.00   0.112
  527.00   0.000
  528.00   0.112
  529.00   0.112
  530.00   0.000
  531.00   0.112
  532.00   0.000
  533.00   0.112
  534.00   0.000
  535.00   0.112
  536.00   0.000
  537.00   0.112
  538.00   0.000
  539.00   0.112
  540.00   0.000
  541.00   0.000
  542.00   0.000
  543.00   0.000
  544.00   0.000
  545.00   0.000
  546.00   0.111
  547.00   0.000
  548.00   0.000
  549.00   0.000
  550.00   0.000
  551.00   0.138
  552.00   0.138
  553.00   0.000
  554.00   0.000
  555.00   0.138
  556.00   0.000
  557.00   0.138
  558.00   0.138
  559.00   0.000
  560.00   0.138
  561.00   0.138
  562.00   0.000
  563.00   0.000
  564.00   0.093
  565.00   0.108
  566.00   0.108
  567.00   0.108
  568.00   0.289
  569.00   0.093
  570.00   0.108
  571.00   0.108
  572.00   0.093
  573.00   0.288
  574.00   0.108
  575.00   0.000
  576.00   0.092
  577.00   0.107
  578.00   0.107
  579.00   0.129
  580.00   0.113
  581.00   0.128
  582.00   0.128
  583.00   0.000
  584.00   0.128
  585.00   0.000
  586.00   0.127
  587.00   0.000
  588.00   0.127
  589.00   0.000
  590.00   0.112
  591.00   0.127
  592.00   0.000
  593.00   0.126
  594.00   0.000
  595.00   0.000
  596.00   0.000
  597.00   0.000
  598.00   0.000
  599.00   0.000
  600.00   0.000
  601.00   0.128
  602.00   0.000
  603.00   0.096
  604.00   0.111
  605.00   0.000
  606.00   0.110
  607.00   0.110
  608.00   0.000
  609.00   0.110
  610.00   0.000
  611.00   0.000
  612.00   0.128
  613.00   0.000
  614.00   0.127
  615.00   0.000
  616.00   0.000
  617.00   0.000
  618.00   0.111
  619.00   0.000
  620.00   0.125
  621.00   0.000
  622.00   0.000
  623.00   0.000
  624.00   0.124
  625.00   0.000
  626.00   0.109
  627.00   0.000
  628.00   0.000
  629.00   0.000
  630.00   0.000
  631.00   0.000
  632.00   0.000
  633.00   0.126
  634.00   0.000
  635.00   0.000
  636.00   0.108
  637.00   0.000
  638.00   0.000
  639.00   0.000
  640.00   0.000
  641.00   0.000
  642.00   0.000
  643.00   0.000
  644.00   0.000
  645.00   0.000
  646.00   0.000
  647.00   0.000
  648.00   0.000
  649.00   0.000
  650.00   0.108
  651.00   0.000
  652.00   0.000
  653.00   0.000
  654.00   0.000
  655.00   0.000
  656.00   0.043
  657.00   0.043
  658.00   0.043
  659.00   0.016
  660.00   0.031
  661.00   0.031
  662.00   0.016
  663.00   0.000
  664.00   0.030
  665.00   0.015
  666.00   0.000
  667.00   0.029
  668.00   0.029
  669.00   0.037
  670.00   0.022
  671.00   0.034
  672.00   0.034
  673.00   0.000
  674.00   0.034
  675.00   0.000
  676.00   0.033
  677.00   0.033
  678.00   0.000
  679.00   0.000
  680.00   0.107
  681.00   0.092
  682.00   0.107
  683.00   0.107
  684.00   0.107
  685.00   0.107
  686.00   0.107
  687.00   0.092
  688.00   0.107
  689.00   0.001
  690.00   0.106
  691.00   0.091
  692.00   0.106
  693.00   0.106
  694.00   0.001
  695.00   0.106
  696.00   0.091
  697.00   0.106
  698.00   0.105
  699.00   0.000
  700.00   0.105
  701.00   0.082
  702.00   0.000
  703.00   0.000
  704.00   0.082
  705.00   0.097
  706.00   0.097
  707.00   0.097
  708.00   0.097
  709.00   0.096
  710.00   0.081
  711.00   0.096
  712.00   0.096
  713.00   0.096
  714.00   0.000
  715.00   0.096
  716.00   0.000
  717.00   0.096
  718.00   0.095
  719.00   0.080
  720.00   0.095
  721.00   0.095
  722.00   0.095
  723.00   0.095
  724.00   0.080
  725.00   0.095
  726.00   0.095
  727.00   0.095
  728.00   0.094
  729.00   0.094
  730.00   0.079
  731.00   0.094
  732.00   0.070
  733.00   0.070
  734.00   0.070
  735.00   0.054
  736.00   0.000
  737.00   0.069
  738.00   0.069
  739.00   0.069
  740.00   0.000
  741.00   0.069
  742.00   0.069
  743.00   0.069
  744.00   0.069
  745.00   0.054
  746.00   0.069
  747.00   0.000
  748.00   0.068
  749.00   0.053
  750.00   0.068
  751.00   0.000
  752.00   0.068
  753.00   0.173
  754.00   0.068
  755.00   0.053
  756.00   0.068
  757.00   0.068
  758.00   0.504
  759.00   0.173
  760.00   0.053
  761.00   0.068
  762.00   0.068
  763.00   0.052
  764.00   0.052
  765.00   0.037
  766.00   0.052
  767.00   0.052
  768.00   0.000
  769.00   0.262
  770.00   0.157
  771.00   0.052
  772.00   0.052
  773.00   0.157
  774.00   0.262
  775.00   0.262
  776.00   0.699
  777.00   0.157
  778.00   0.157
  779.00   0.052
  780.00   2.535
  781.00   0.264
  782.00   0.159
  783.00   0.159
  784.00   3.288
  785.00   0.491
  786.00   0.371
  787.00   0.161
  788.00   0.266
  789.00   0.055
  790.00   0.005
  791.00   0.094
  792.00   0.094
  793.00   0.094
  794.00   0.094
  795.00   0.094
  796.00   0.000
  797.00   0.000
  798.00   0.094
  799.00   0.000
  800.00   0.094
  801.00   0.000
  802.00   0.305
  803.00   0.094
  804.00   0.000
  805.00   0.094
  806.00   0.094
  807.00   0.000
  808.00   0.425
  809.00   0.094
  810.00   0.000
  811.00   0.094
  812.00   0.000
  813.00   0.094
  814.00   0.000
  815.00   0.000
  816.00   0.305
  817.00   0.094
  818.00   0.094
  819.00   0.094
  820.00   0.199
  821.00   0.094
  822.00   0.323
  823.00   0.098
  824.00   0.000
  825.00   1.166
  826.00   0.535
  827.00   0.745
  828.00   0.430
  829.00   0.640
  830.00   1.694
  831.00  25.964
  832.00   7.513
  833.00   3.799
  834.00   3.620
  835.00   0.000
  836.00   1.048
  837.00   5.291
  838.00   6.030
  839.00   1.587
  840.00   0.850
  841.00   0.489
  842.00   0.474
  843.00   0.294
  844.00   0.309
  845.00   0.474
  846.00   0.113
  847.00   0.309
  848.00   0.113
  849.00   0.000
  850.00   0.113
  851.00   0.113
  852.00   0.112
  853.00   0.308
  854.00   0.112
  855.00   0.112
  856.00   0.112
  857.00   0.000
  858.00   0.112
  859.00   0.112
  860.00   0.488
  861.00   0.112
  862.00   0.112
  863.00   0.000
  864.00   0.112
  865.00   0.112
  866.00   0.000
  867.00   0.112
  868.00   0.000
  869.00   0.000
  870.00   0.112
  871.00   0.000
  872.00   0.112
  873.00   0.000
  874.00   0.112
  875.00   0.000
  876.00   0.112
  877.00   0.000
  878.00   0.000
  879.00   0.112
  880.00   0.000
  881.00   0.000
  882.00   0.000
  883.00   0.124
  884.00   0.000
  885.00   0.124
  886.00   0.000
  887.00   0.000
  888.00   0.123
  889.00   0.000
  890.00   0.000
  891.00   0.123
  892.00   0.000
  893.00   0.123
  894.00   0.000
  895.00   0.000
  896.00   0.123
  897.00   0.000
  898.00   0.000
  899.00   0.123
  900.00   0.000
  901.00   0.000
  902.00   0.036
  903.00   0.021
  904.00   0.036
  905.00   0.036
  906.00   0.021
  907.00   0.036
  908.00   0.036
  909.00   0.036
  910.00   0.000
  911.00   0.035
  912.00   0.020
  913.00   0.000
  914.00   0.245
  915.00   0.064
  916.00   0.049
  917.00   0.064
  918.00   0.064
  919.00   0.064
  920.00   0.049
  921.00   0.064
  922.00   0.064
  923.00   0.049
  924.00   0.063
  925.00   0.063
  926.00   0.063
  927.00   0.048
  928.00   0.063
  929.00   0.063
  930.00   0.048
  931.00   0.063
  932.00   0.063
  933.00   0.063
  934.00   0.000
  935.00   0.062
  936.00   0.047
  937.00   0.062
  938.00   0.062
  939.00   0.000
  940.00   0.062
  941.00   0.062
  942.00   0.062
  943.00   0.046
  944.00   0.084
  945.00   0.084
  946.00   0.000
  947.00   0.084
  948.00   0.000
  949.00   0.084
  950.00   0.083
  951.00   0.000
  952.00   0.083
  953.00   0.083
  954.00   0.068
  955.00   0.083
  956.00   0.000
  957.00   0.082
  958.00   0.263
  959.00   0.082
  960.00   0.082
  961.00   0.067
  962.00   0.082
  963.00   0.000
  964.00   0.066
  965.00   0.081
  966.00   0.000
  967.00   0.081
  968.00   0.081
  969.00   0.081
  970.00   0.066
  971.00   0.000
  972.00   0.261
  973.00   0.062
  974.00   0.077
  975.00   0.097
  976.00   0.097
  977.00   0.081
  978.00   0.096
  979.00   0.096
  980.00   0.000
  981.00   0.096
  982.00   0.096
  983.00   0.080
  984.00   0.095
  985.00   0.000
  986.00   0.100
  987.00   0.000
  988.00   0.099
  989.00   0.114
  990.00   0.114
  991.00   0.000
  992.00   0.114
  993.00   0.000
  994.00   0.113
  995.00   0.000
  996.00   0.098
  997.00   0.113
  998.00   0.112
  999.00   0.000
 1000.00   0.088
 1001.00   0.088
 1002.00   0.000
 1003.00   0.087
 1004.00   0.072
 1005.00   0.000
 1006.00   0.074
 1007.00   0.000
 1008.00   0.089
 1009.00   0.000
 1010.00   0.088
 1011.00   0.000
 1012.00   0.088
 1013.00   0.097
 1014.00   0.000
 1015.00   0.096
 1016.00   0.000
 1017.00   0.096
 1018.00   0.000
 1019.00   0.276
 1020.00   0.096
 1021.00   0.095
 1022.00   0.000
 1023.00   0.095
 1024.00   0.000
 1025.00   0.094
 1026.00   0.094
 1027.00   0.094
 1028.00   0.079
 1029.00   0.000
 1030.00   0.079
 1031.00   0.093
 1032.00   0.000
 1033.00   0.078
 1034.00   0.093
 1035.00   0.000
 1036.00   0.089
 1037.00   0.000
 1038.00   0.000
 1039.00   0.089
 1040.00   0.000
 1041.00   0.088
 1042.00   0.088
 1043.00   0.068
 1044.00   0.083
 1045.00   0.083
 1046.00   0.083
 1047.00   0.068
 1048.00   0.000
 1049.00   0.000
 1050.00   0.000
 1051.00   0.067
 1052.00   0.082
 1053.00   0.081
 1054.00   0.000
 1055.00   0.262
 1056.00   0.081
 1057.00   0.081
 1058.00   0.066
 1059.00   0.000
 1060.00   0.080
 1061.00   0.065
 1062.00   0.080
 1063.00   0.080
 1064.00   0.260
 1065.00   0.276
 1066.00   0.072
 1067.00   0.087
 1068.00   0.000
 1069.00   0.071
 1070.00   0.267
 1071.00   0.267
 1072.00   0.267
 1073.00   0.086
 1074.00   0.266
 1075.00   0.086
 1076.00   0.257
 1077.00   0.062
 1078.00   0.077
 1079.00   0.076
 1080.00   0.076
 1081.00   0.061
 1082.00   0.076
 1083.00   0.076
 1084.00   0.061
 1085.00   0.076
 1086.00   0.075
 1087.00   0.075
 1088.00   0.000
 1089.00   0.075
 1090.00   0.075
 1091.00   0.000
 1092.00   0.074
 1093.00   0.059
 1094.00   0.074
 1095.00   0.074
 1096.00   0.074
 1097.00   0.031
 1098.00   0.046
 1099.00   0.046
 1100.00   0.030
 1101.00   0.226
 1102.00   0.045
 1103.00   0.045
 1104.00   0.045
 1105.00   0.226
 1106.00   0.030
 1107.00   0.045
 1108.00   0.225
 1109.00   0.045
 1110.00   0.225
 1111.00   0.225
 1112.00   0.406
 1113.00   0.406
 1114.00   0.148
 1115.00   0.148
 1116.00   0.000
 1117.00   0.147
 1118.00   0.000
 1119.00   0.147
 1120.00   0.000
 1121.00   0.147
 1122.00   0.000
 1123.00   0.000
 1124.00   0.147
 1125.00   0.000
 1126.00   0.000
 1127.00   0.000
 1128.00   0.129
 1129.00   0.000
 1130.00   0.129
 1131.00   0.129
 1132.00   0.310
 1133.00   0.129
 1134.00   0.310
 1135.00   0.129
 1136.00   0.000
 1137.00   0.000
 1138.00   0.129
 1139.00   0.129
 1140.00   0.310
 1141.00   0.129
 1142.00   0.866
 1143.00   0.130
 1144.00   0.310
 1145.00   0.130
 1146.00   0.506
 1147.00   0.310
 1148.00   0.326
 1149.00   0.311
 1150.00   0.130
 1151.00   0.000
 1152.00   0.130
 1153.00   0.130
 1154.00   0.000
 1155.00   0.117
 1156.00   0.000
 1157.00   0.099
 1158.00   0.280
 1159.00   0.099
 1160.00   0.099
 1161.00   0.476
 1162.00   0.100
 1163.00   0.280
 1164.00   0.100
 1165.00   0.280
 1166.00   0.100
 1167.00   0.000
 1168.00   0.100
 1169.00   0.476
 1170.00   2.312
 1171.00   1.018
 1172.00   0.101
 1173.00   1.214
 1174.00   1.034
 1175.00   1.396
 1176.00   1.201
 1177.00   1.035
 1178.00   1.758
 1179.00   2.315
 1180.00   0.857
 1181.00   0.842
 1182.00   1.203
 1183.00   2.332
 1184.00   1.957
 1185.00   1.581
 1186.00   3.989
 1187.00   8.238
 1188.00   7.504
 1189.00   3.820
 1190.00   4.739
 1191.00   4.740
 1192.00   5.103
 1193.00   3.088
 1194.00   1.238
 1195.00   0.487
 1196.00   0.502
 1197.00   0.863
 1198.00   0.863
 1199.00   0.487
 1200.00   0.322
 1201.00   0.683
 1202.00   1.044
 1203.00   0.864
 1204.00   0.503
 1205.00   1.225
 1206.00   2.354
 1207.00   2.159
 1208.00   1.423
 1209.00   0.866
 1210.00   0.310
 1211.00   0.505
 1212.00   0.310
 1213.00   0.310
 1214.00   4.011
 1215.00   2.899
 1216.00   6.782
 1217.00   5.669
 1218.00   1.894
 1219.00   0.705
 1220.00   1.021
 1221.00   0.420
 1222.00   0.134
 1223.00   0.420
 1224.00   0.435
 1225.00   0.134
 1226.00   0.134
 1227.00   0.134
 1228.00   0.134
 1229.00   0.134
 1230.00   0.420
 1231.00   0.435
 1232.00   0.420
 1233.00   0.134
 1234.00   0.134
 1235.00   0.134
 1236.00   0.134
 1237.00   0.134
 1238.00   0.420
 1239.00   0.135
 1240.00   0.135
 1241.00   0.135
 1242.00   0.000
 1243.00   0.134
 1244.00   0.134
 1245.00   0.000
 1246.00   0.134
 1247.00   0.134
 1248.00   0.000
 1249.00   0.149
 1250.00   0.000
 1251.00   0.149
 1252.00   0.000
 1253.00   0.000
 1254.00   0.000
 1255.00   0.149
 1256.00   0.000
 1257.00   0.000
 1258.00   0.000
 1259.00   0.195
 1260.00   0.195
 1261.00   0.000
 1262.00   0.195
 1263.00   0.000
 1264.00   0.195
 1265.00   0.000
 1266.00   0.195
 1267.00   0.000
 1268.00   0.195
 1269.00   0.195
 1270.00   0.000
 1271.00   0.000
 1272.00   0.000
 1273.00   0.195
 1274.00   0.000
 1275.00   0.000
 1276.00   0.000
 1277.00   0.195
 1278.00   0.230
 1279.00   0.230
 1280.00   0.000
 1281.00   0.230
 1282.00   0.000
 1283.00   0.000
 1284.00   0.000
 1285.00   0.000
 1286.00   0.000
 1287.00   0.000
 1288.00   0.000
 1289.00   0.000
 1290.00   0.000
 1291.00   0.000
 1292.00   0.000
 1293.00   0.229
 1294.00   0.000
 1295.00   0.229
 1296.00   0.000
 1297.00   0.000
 1298.00   0.229
 1299.00   0.229
 1300.00   0.000
 1301.00   0.000
 1302.00   0.000
 1303.00   0.228
 1304.00   0.000
 1305.00   0.000
 1306.00   0.000
 1307.00   0.000
 1308.00   0.000
 1309.00   0.256
 1310.00   0.000
 1311.00   0.000
 1312.00   0.256
 1313.00   0.000
 1314.00   0.000
 1315.00   0.000
 1316.00   0.000
 1317.00   0.000
 1318.00   0.000
 1319.00   0.216
 1320.00   0.000
 1321.00   0.000
 1322.00   0.000
 1323.00   0.000
 1324.00   0.215
 1325.00   0.215
 1326.00   0.000
 1327.00   0.215
 1328.00   0.215
 1329.00   0.019
 1330.00   0.215
 1331.00   0.034
 1332.00   0.215
 1333.00   0.034
 1334.00   0.215
 1335.00   0.034
 1336.00   0.214
 1337.00   0.019
 1338.00   0.034
 1339.00   0.034
 1340.00   0.239
 1341.00   0.044
 1342.00   0.059
 1343.00   0.059
 1344.00   0.058
 1345.00   0.052
 1346.00   0.067
 1347.00   0.067
 1348.00   0.067
 1349.00   0.247
 1350.00   0.147
 1351.00   0.162
 1352.00   0.162
 1353.00   0.147
 1354.00   0.000
 1355.00   0.162
 1356.00   0.000
 1357.00   0.161
 1358.00   0.146
 1359.00   0.000
 1360.00   0.156
 1361.00   0.000
 1362.00   0.155
 1363.00   0.140
 1364.00   0.000
 1365.00   0.155
 1366.00   0.000
 1367.00   0.154
 1368.00   0.000
 1369.00   0.154
 1370.00   0.000
 1371.00   0.157
 1372.00   0.000
 1373.00   0.152
 1374.00   0.167
 1375.00   0.166
 1376.00   0.151
 1377.00   0.000
 1378.00   0.166
 1379.00   0.151
 1380.00   0.166
 1381.00   0.166
 1382.00   0.000
 1383.00   0.165
 1384.00   0.000
 1385.00   0.000
 1386.00   0.174
 1387.00   0.000
 1388.00   0.173
 1389.00   0.000
 1390.00   0.354
 1391.00   0.173
 1392.00   0.173
 1393.00   0.158
 1394.00   0.000
 1395.00   0.157
 1396.00   0.000
 1397.00   0.000
 1398.00   0.172
 1399.00   0.172
 1400.00   0.040
 1401.00   0.231
 1402.00   0.231
 1403.00   0.035
 1404.00   0.159
 1405.00   0.000
 1406.00   0.159
 1407.00   0.000
 1408.00   0.158
 1409.00   0.000
 1410.00   0.143
 1411.00   0.000
 1412.00   0.000
 1413.00   0.165
 1414.00   0.165
 1415.00   0.150
 1416.00   0.000
 1417.00   0.149
 1418.00   0.164
 1419.00   0.164
 1420.00   0.164
 1421.00   0.149
 1422.00   0.000
 1423.00   0.164
 1424.00   0.000
 1425.00   0.163
 1426.00   0.148
 1427.00   0.163
 1428.00   0.000
 1429.00   0.090
 1430.00   0.105
 1431.00   0.000
 1432.00   0.093
 1433.00   0.000
 1434.00   0.078
 1435.00   0.093
 1436.00   0.093
 1437.00   0.077
 1438.00   0.092
 1439.00   0.092
 1440.00   0.000
 1441.00   0.092
 1442.00   0.144
 1443.00   0.144
 1444.00   0.128
 1445.00   0.000
 1446.00   0.128
 1447.00   0.143
 1448.00   0.143
 1449.00   0.000
 1450.00   0.143
 1451.00   0.142
 1452.00   0.127
 1453.00   0.000
 1454.00   0.142
 1455.00   0.000
 1456.00   0.142
 1457.00   0.126
 1458.00   0.000
 1459.00   0.141
 1460.00   0.126
 1461.00   0.321
 1462.00   0.104
 1463.00   0.104
 1464.00   0.104
 1465.00   0.089
 1466.00   0.284
 1467.00   0.104
 1468.00   0.104
 1469.00   0.465
 1470.00   0.284
 1471.00   0.284
 1472.00   0.284
 1473.00   0.104
 1474.00   0.089
 1475.00   0.284
 1476.00   0.104
 1477.00   0.208
 1478.00   0.208
 1479.00   0.027
 1480.00   0.208
 1481.00   0.027
 1482.00   0.208
 1483.00   0.012
 1484.00   0.208
 1485.00   0.208
 1486.00   0.208
 1487.00   0.027
 1488.00   0.208
 1489.00   0.027
 1490.00   0.012
 1491.00   0.207
 1492.00   0.719
 1493.00   1.252
 1494.00   0.139
 1495.00   0.516
 1496.00   0.140
 1497.00   0.140
 1498.00   0.140
 1499.00   0.140
 1500.00   0.140
 1501.00   0.000
 1502.00   0.140
 1503.00   0.000
 1504.00   0.000
 1505.00   0.320
 1506.00   0.139
 1507.00   0.139
 1508.00   0.000
 1509.00   0.139
 1510.00   0.139
 1511.00   0.139
 1512.00   0.877
 1513.00   0.140
 1514.00   0.696
 1515.00   0.140
 1516.00   0.140
 1517.00   0.320
 1518.00   0.140
 1519.00   0.321
 1520.00   0.140
 1521.00   0.516
 1522.00   0.478
 1523.00   0.493
 1524.00   1.231
 1525.00   0.659
 1526.00   1.412
 1527.00   2.345
 1528.00   2.511
 1529.00   3.264
 1530.00   1.595
 1531.00   1.234
 1532.00   0.858
 1533.00   1.235
 1534.00   2.514
 1535.00   5.674
 1536.00   1.418
 1537.00   2.893
 1538.00   4.037
 1539.00   1.886
 1540.00   2.744
 1541.00   2.173
 1542.00   3.332
 1543.00   4.507
 1544.00   2.161
 1545.00   3.049
 1546.00  11.792
 1547.00   8.590
 1548.00   3.641
 1549.00   1.596
 1550.00   1.009
 1551.00   2.183
 1552.00   4.501
 1553.00   2.191
 1554.00   1.018
 1555.00   0.733
 1556.00   2.192
 1557.00   2.178
 1558.00   1.321
 1559.00   0.719
 1560.00   0.448
 1561.00   0.148
 1562.00   1.306
 1563.00   0.449
 1564.00   0.434
 1565.00   1.021
 1566.00   0.449
 1567.00   0.148
 1568.00   0.434
 1569.00   0.434
 1570.00   0.148
 1571.00   0.449
 1572.00   1.307
 1573.00  15.601
 1574.00  10.655
 1575.00   5.692
 1576.00   3.948
 1577.00   4.822
 1578.00   3.950
 1579.00   5.997
 1580.00   2.493
 1581.00   1.034
 1582.00   1.335
 1583.00   0.731
 1584.00   0.461
 1585.00   0.446
 1586.00   0.160
 1587.00   0.160
 1588.00   0.160
 1589.00   0.160
 1590.00   0.160
 1591.00   0.000
 1592.00   0.160
 1593.00   0.160
 1594.00   0.000
 1595.00   0.160
 1596.00   0.160
 1597.00   0.000
 1598.00   0.160
 1599.00   0.160
 1600.00   0.160
 1601.00   0.000
 1602.00   0.160
 1603.00   0.160
 1604.00   0.160
 1605.00   0.160
 1606.00   0.160
 1607.00   0.000
 1608.00   0.160
 1609.00   0.000
 1610.00   0.160
 1611.00   0.000
 1612.00   0.000
 1613.00   0.159
 1614.00   0.179
 1615.00   0.000
 1616.00   0.179
 1617.00   0.000
 1618.00   0.000
 1619.00   0.178
 1620.00   0.000
 1621.00   0.178
 1622.00   0.178
 1623.00   0.178
 1624.00   0.178
 1625.00   0.000
 1626.00   0.178
 1627.00   0.000
 1628.00   0.178
 1629.00   0.000
 1630.00   0.000
 1631.00   0.178
 1632.00   0.000
 1633.00   0.178
 1634.00   0.000
 1635.00   0.000
 1636.00   0.000
 1637.00   0.000
 1638.00   0.178
 1639.00   0.000
 1640.00   0.178
 1641.00   0.000
 1642.00   0.177
 1643.00   0.177
 1644.00   0.224
 1645.00   0.224
 1646.00   0.000
 1647.00   0.224
 1648.00   0.224
 1649.00   0.224
 1650.00   0.224
 1651.00   0.224
 1652.00   0.224
 1653.00   0.000
 1654.00   0.224
 1655.00   0.224
 1656.00   0.000
 1657.00   0.224
 1658.00   0.000
 1659.00   0.224
 1660.00   0.000
 1661.00   0.023
 1662.00   0.008
 1663.00   0.023
 1664.00   0.023
 1665.00   0.008
 1666.00   0.023
 1667.00   0.008
 1668.00   0.023
 1669.00   0.023
 1670.00   0.007
 1671.00   0.000
 1672.00   0.022
 1673.00   0.037
 1674.00   0.022
 1675.00   0.074
 1676.00   0.074
 1677.00   0.059
 1678.00   0.074
 1679.00   0.074
 1680.00   0.058
 1681.00   0.000
 1682.00   0.073
 1683.00   0.073
 1684.00   0.058
 1685.00   0.073
 1686.00   0.000
 1687.00   0.103
 1688.00   0.088
 1689.00   0.103
 1690.00   0.103
 1691.00   0.087
 1692.00   0.102
 1693.00   0.087
 1694.00   0.102
 1695.00   0.102
 1696.00   0.087
 1697.00   0.000
 1698.00   0.086
 1699.00   0.101
 1700.00   0.086
 1701.00   0.101
 1702.00   0.078
 1703.00   0.063
 1704.00   0.000
 1705.00   0.078
 1706.00   0.110
 1707.00   0.095
 1708.00   0.110
 1709.00   0.000
 1710.00   0.110
 1711.00   0.094
 1712.00   0.109
 1713.00   0.109
 1714.00   0.000
 1715.00   0.109
 1716.00   0.109
 1717.00   0.124
 1718.00   0.109
 1719.00   0.124
 1720.00   0.000
 1721.00   0.123
 1722.00   0.123
 1723.00   0.108
 1724.00   0.123
 1725.00   0.000
 1726.00   0.120
 1727.00   0.120
 1728.00   0.105
 1729.00   0.405
 1730.00   0.117
 1731.00   0.102
 1732.00   0.403
 1733.00   0.000
 1734.00   0.403
 1735.00   0.102
 1736.00   0.406
 1737.00   0.406
 1738.00   0.120
 1739.00   0.406
 1740.00   0.105
 1741.00   0.120
 1742.00   0.120
 1743.00   0.104
 1744.00   0.000
 1745.00   0.104
 1746.00   0.119
 1747.00   0.000
 1748.00   0.118
 1749.00   0.103
 1750.00   0.118
 1751.00   0.000
 1752.00   0.118
 1753.00   0.102
 1754.00   0.000
 1755.00   0.102
 1756.00   0.000
 1757.00   0.101
 1758.00   0.116
 1759.00   0.000
 1760.00   0.116
 1761.00   0.000
 1762.00   0.100
 1763.00   0.115
 1764.00   0.115
 1765.00   0.717
 1766.00   0.431
 1767.00   0.140
 1768.00   0.426
 1769.00   0.125
 1770.00   0.140
 1771.00   0.000
 1772.00   0.140
 1773.00   0.124
 1774.00   0.139
 1775.00   0.139
 1776.00   0.124
 1777.00   0.139
 1778.00   0.101
 1779.00   0.000
 1780.00   0.086
 1781.00   0.101
 1782.00   0.100
 1783.00   0.085
 1784.00   0.100
 1785.00   0.085
 1786.00   0.100
 1787.00   0.100
 1788.00   0.084
 1789.00   0.000
 1790.00   0.084
 1791.00   0.099
 1792.00   0.084
 1793.00   0.142
 1794.00   0.141
 1795.00   0.000
 1796.00   0.141
 1797.00   0.111
 1798.00   0.126
 1799.00   0.110
 1800.00   0.125
 1801.00   0.000
 1802.00   0.125
 1803.00   0.125
 1804.00   0.110
 1805.00   0.000
 1806.00   0.124
 1807.00   0.097
 1808.00   0.081
 1809.00   0.096
 1810.00   0.081
 1811.00   0.000
 1812.00   0.081
 1813.00   0.096
 1814.00   0.096
 1815.00   0.080
 1816.00   0.095
 1817.00   0.080
 1818.00   0.095
 1819.00   0.000
 1820.00   0.095
 1821.00   0.000
 1822.00   0.094
 1823.00   0.079
 1824.00   0.380
 1825.00   0.094
 1826.00   0.094
 1827.00   0.379
 1828.00   0.030
 1829.00   0.045
 1830.00   0.030
 1831.00   0.045
 1832.00   0.045
 1833.00   0.030
 1834.00   0.000
 1835.00   0.029
 1836.00   0.330
 1837.00   0.044
 1838.00   0.029
 1839.00   0.044
 1840.00   0.044
 1841.00   0.029
 1842.00   0.044
 1843.00   0.044
 1844.00   0.029
 1845.00   0.043
 1846.00   0.329
 1847.00   0.028
 1848.00   0.043
 1849.00   0.043
 1850.00   0.028
 1851.00   0.043
 1852.00   0.043
 1853.00   0.028
 1854.00   0.000
 1855.00   0.042
 1856.00   0.042
 1857.00   0.027
 1858.00   0.042
 1859.00   0.000
 1860.00   0.011
 1861.00   0.000
 1862.00   0.011
 1863.00   0.011
 1864.00   0.297
 1865.00   0.297
 1866.00   0.000
 1867.00   0.297
 1868.00   0.011
 1869.00   0.297
 1870.00   0.538
 1871.00   0.252
 1872.00   0.000
 1873.00   0.538
 1874.00   0.252
 1875.00   0.000
 1876.00   0.000
 1877.00   0.000
 1878.00   0.225
 1879.00   0.000
 1880.00   0.000
 1881.00   0.225
 1882.00   0.526
 1883.00   0.225
 1884.00   0.000
 1885.00   0.225
 1886.00   0.000
 1887.00   0.000
 1888.00   0.196
 1889.00   0.000
 1890.00   0.196
 1891.00   0.000
 1892.00   0.196
 1893.00   0.000
 1894.00   0.000
 1895.00   0.000
 1896.00   0.195
 1897.00   0.000
 1898.00   0.195
 1899.00   0.195
 1900.00   0.195
 1901.00   0.195
 1902.00   0.000
 1903.00   0.195
 1904.00   0.000
 1905.00   1.083
 1906.00   0.481
 1907.00   1.068
 1908.00   0.196
 1909.00   0.196
 1910.00   0.497
 1911.00   0.196
 1912.00   0.196
 1913.00   0.196
 1914.00   0.000
 1915.00   0.000
 1916.00   0.137
 1917.00   0.000
 1918.00   0.000
 1919.00   0.144
 1920.00   0.000
 1921.00   0.000
 1922.00   0.000
 1923.00   0.144
 1924.00   0.000
 1925.00   0.444
 1926.00   0.144
 1927.00   0.000
 1928.00   0.000
 1929.00   0.000
 1930.00   0.000
 1931.00   0.444
 1932.00   0.143
 1933.00   0.143
 1934.00   0.000
 1935.00   1.016
 1936.00   0.144
 1937.00   0.144
 1938.00   0.000
 1939.00   0.143
 1940.00   0.000
 1941.00   0.143
 1942.00   0.143
 1943.00   0.143
 1944.00   0.143
 1945.00   0.143
 1946.00   0.000
 1947.00   0.444
 1948.00   0.427
 1949.00   0.728
 1950.00   0.729
 1951.00   0.142
 1952.00   0.142
 1953.00   0.142
 1954.00   0.000
 1955.00   0.000
 1956.00   0.729
 1957.00   0.142
 1958.00   0.000
 1959.00   0.142
 1960.00   0.000
 1961.00   0.142
 1962.00   0.142
 1963.00   0.000
 1964.00   0.000
 1965.00   0.000
 1966.00   0.000
 1967.00   0.000
 1968.00   0.000
 1969.00   0.000
 1970.00   0.000
 1971.00   0.141
 1972.00   0.000
 1973.00   0.141
 1974.00   0.000
 1975.00   0.141
 1976.00   0.000
 1977.00   0.000
 1978.00   0.000
 1979.00   0.157
 1980.00   0.000
 1981.00   0.000
 1982.00   0.000
 1983.00   0.157
 1984.00   0.157
 1985.00   0.000
 1986.00   0.156
 1987.00   0.000
 1988.00   0.000
 1989.00   0.000
 1990.00   0.156
 1991.00   0.000
 1992.00   0.156
 1993.00   0.000
 1994.00   0.156
 1995.00   0.000
 1996.00   0.000
 1997.00   0.000
 1998.00   0.000
 1999.00   0.156
 2000.00   0.000
 2001.00   0.000
 2002.00   0.000
 2003.00   0.155
 2004.00   0.000
 2005.00   0.000
 2006.00   0.000
 2007.00   0.000
 2008.00   0.000
 2009.00   0.000
 2010.00   0.193
 2011.00   0.000
 2012.00   0.193
 2013.00   0.000
 2014.00   0.000
 2015.00   0.000
 2016.00   0.000
 2017.00   0.000
 2018.00   0.219
 2019.00   0.000
 2020.00   0.000
 2021.00   0.000
 2022.00   0.000
 2023.00   0.000
 2024.00   0.000
 2025.00   0.000
 2026.00   0.000
 2027.00   0.000
 2028.00   0.000
 2029.00   0.000
 2030.00   0.000
 2031.00   0.000
 2032.00   0.000
 2033.00   0.000
 2034.00   0.000
 2035.00   0.000
 2036.00   0.000
 2037.00   0.000
 2038.00   0.000
 2039.00   0.000
 2040.00   0.000
 2041.00   0.000
 2042.00   0.254
 2043.00   0.000
 2044.00   0.000
 2045.00   0.000
 2046.00   0.000
 2047.00   0.000
 2048.00   0.000
 2049.00   0.000
 2050.00   0.000
 2051.00   0.000
 2052.00   0.000
 2053.00   0.000
 2054.00   0.000
 2055.00   0.000
 2056.00   0.000
 2057.00   0.000
 2058.00   0.007
 2059.00   0.007
 2060.00   0.000
 2061.00   0.007
 2062.00   0.000
 2063.00   0.006
 2064.00   0.006
 2065.00   0.000
 2066.00   0.006
 2067.00   0.000
 2068.00   0.005
 2069.00   0.000
 2070.00   0.005
 2071.00   0.031
 2072.00   0.016
 2073.00   0.031
 2074.00   0.016
 2075.00   0.000
 2076.00   0.015
 2077.00   0.030
 2078.00   0.030
 2079.00   0.015
 2080.00   0.030
 2081.00   0.000
 2082.00   0.029
 2083.00   0.014
 2084.00   0.029
 2085.00   0.029
 2086.00   0.013
 2087.00   0.028
 2088.00   0.013
 2089.00   0.028
 2090.00   0.028
 2091.00   0.012
 2092.00   0.027
 2093.00   0.000
 2094.00   0.027
 2095.00   0.012
 2096.00   0.026
 2097.00   0.026
 2098.00   0.011
 2099.00   0.026
 2100.00   0.000
 2101.00   0.006
 2102.00   0.000
 2103.00   0.006
 2104.00   0.006
 2105.00   0.000
 2106.00   0.000
 2107.00   0.005
 2108.00   0.005
 2109.00   0.000
 2110.00   0.004
 2111.00   0.000
 2112.00   0.004
 2113.00   0.000
 2114.00   0.000
 2115.00   0.090
 2116.00   0.105
 2117.00   0.285
 2118.00   0.105
 2119.00   0.105
 2120.00   0.090
 2121.00   0.104
 2122.00   0.104
 2123.00   0.089
 2124.00   0.104
 2125.00   0.000
 2126.00   0.089
 2127.00   0.104
 2128.00   0.104
 2129.00   0.112
 2130.00   0.097
 2131.00   0.112
 2132.00   0.108
 2133.00   0.093
 2134.00   0.108
 2135.00   0.108
 2136.00   0.000
 2137.00   0.107
 2138.00   0.107
 2139.00   0.092
 2140.00   0.107
 2141.00   0.107
 2142.00   0.107
 2143.00   0.092
 2144.00   0.106
 2145.00   0.106
 2146.00   0.091
 2147.00   0.106
 2148.00   0.106
 2149.00   0.000
 2150.00   0.106
 2151.00   0.000
 2152.00   0.090
 2153.00   0.105
 2154.00   0.105
 2155.00   0.090
 2156.00   0.105
 2157.00   0.000
 2158.00   0.090
 2159.00   0.105
 2160.00   0.105
 2161.00   0.000
 2162.00   0.093
 2163.00   0.093
 2164.00   0.077
 2165.00   0.092
 2166.00   0.000
 2167.00   0.092
 2168.00   0.092
 2169.00   0.092
 2170.00   0.077
 2171.00   0.084
 2172.00   0.084
 2173.00   0.084
 2174.00   0.000
 2175.00   0.083
 2176.00   0.068
 2177.00   0.083
 2178.00   0.083
 2179.00   0.000
 2180.00   0.083
 2181.00   0.083
 2182.00   0.068
 2183.00   0.082
 2184.00   0.080
 2185.00   0.080
 2186.00   0.065
 2187.00   0.080
 2188.00   0.260
 2189.00   0.636
 2190.00   0.260
 2191.00   0.065
 2192.00   0.260
 2193.00   0.227
 2194.00   0.227
 2195.00   0.047
 2196.00   0.227
 2197.00   0.047
 2198.00   0.032
 2199.00   0.423
 2200.00   0.227
 2201.00   0.227
 2202.00   0.227
 2203.00   0.227
 2204.00   0.227
 2205.00   0.032
 2206.00   0.047
 2207.00   0.047
 2208.00   0.047
 2209.00   0.031
 2210.00   0.046
 2211.00   0.046
 2212.00   0.046
 2213.00   0.000
 2214.00   0.181
 2215.00   0.376
 2216.00   0.361
 2217.00   0.181
 2218.00   0.000
 2219.00   0.181
 2220.00   0.000
 2221.00   0.000
 2222.00   0.181
 2223.00   0.181
 2224.00   0.156
 2225.00   0.000
 2226.00   0.000
 2227.00   0.156
 2228.00   0.000
 2229.00   0.532
 2230.00   0.156
 2231.00   0.156
 2232.00   0.000
 2233.00   0.000
 2234.00   0.000
 2235.00   0.000
 2236.00   0.000
 2237.00   0.155
 2238.00   0.000
 2239.00   0.155
 2240.00   0.000
 2241.00   0.000
 2242.00   0.000
 2243.00   0.000
 2244.00   0.155
 2245.00   0.000
 2246.00   0.155
 2247.00   0.000
 2248.00   0.155
 2249.00   0.000
 2250.00   0.000
 2251.00   0.000
 2252.00   0.000
 2253.00   1.244
 2254.00   0.131
 2255.00   0.131
 2256.00   0.000
 2257.00   0.000
 2258.00   0.311
 2259.00   0.326
 2260.00   0.131
 2261.00   0.131
 2262.00   0.131
 2263.00   0.131
 2264.00   0.311
 2265.00   0.131
 2266.00   0.000
 2267.00   0.492
 2268.00   0.131
 2269.00   0.000
 2270.00   0.131
 2271.00   0.000
 2272.00   0.131
 2273.00   0.000
 2274.00   0.131
 2275.00   0.131
 2276.00   0.131
 2277.00   0.000
 2278.00   0.131
 2279.00   0.131
 2280.00   0.000
 2281.00   0.131
 2282.00   0.687
 2283.00   0.498
 2284.00   1.069
 2285.00   0.137
 2286.00   0.317
 2287.00   0.137
 2288.00   0.137
 2289.00   0.874
 2290.00   0.137
 2291.00   0.137
 2292.00   0.137
 2293.00   0.000
 2294.00   0.694
 2295.00   0.498
 2296.00   1.251
 2297.00   1.432
 2298.00   0.695
 2299.00   0.499
 2300.00   4.938
 2301.00   4.398
 2302.00   1.796
 2303.00   0.518
 2304.00   0.126
 2305.00   0.307
 2306.00   0.126
 2307.00   0.503
 2308.00   0.126
 2309.00   0.126
 2310.00   0.126
 2311.00   0.126
 2312.00   0.126
 2313.00   0.125
 2314.00   0.125
 2315.00   0.125
 2316.00   0.000
 2317.00   0.125
 2318.00   0.125
 2319.00   0.125
 2320.00   0.125
 2321.00   0.000
 2322.00   0.125
 2323.00   0.000
 2324.00   0.125
 2325.00   0.125
 2326.00   0.000
 2327.00   0.000
 2328.00   0.125
 2329.00   0.000
 2330.00   0.125
 2331.00   0.000
 2332.00   0.125
 2333.00   0.000
 2334.00   0.124
 2335.00   0.124
 2336.00   0.000
 2337.00   0.124
 2338.00   0.000
 2339.00   0.124
 2340.00   0.124
 2341.00   0.124
 2342.00   0.124
 2343.00   0.500
 2344.00   0.680
 2345.00   0.138
 2346.00   0.138
 2347.00   0.000
 2348.00   0.138
 2349.00   0.138
 2350.00   0.138
 2351.00   0.000
 2352.00   0.138
 2353.00   0.000
 2354.00   0.138
 2355.00   0.000
 2356.00   0.000
 2357.00   0.138
 2358.00   0.000
 2359.00   0.000
 2360.00   0.138
 2361.00   0.000
 2362.00   0.000
 2363.00   0.138
 2364.00   0.000
 2365.00   0.000
 2366.00   0.000
 2367.00   0.138
 2368.00   0.000
 2369.00   0.000
 2370.00   0.138
 2371.00   0.000
 2372.00   0.138
 2373.00   0.000
 2374.00   0.000
 2375.00   0.172
 2376.00   0.000
 2377.00   0.000
 2378.00   0.171
 2379.00   0.000
 2380.00   0.000
 2381.00   0.171
 2382.00   0.000
 2383.00   0.171
 2384.00   0.000
 2385.00   0.000
 2386.00   0.000
 2387.00   0.000
 2388.00   0.070
 2389.00   0.070
 2390.00   0.055
 2391.00   0.070
 2392.00   0.070
 2393.00   0.055
 2394.00   0.070
 2395.00   0.070
 2396.00   0.070
 2397.00   0.054
 2398.00   0.069
 2399.00   0.250
 2400.00   0.069
 2401.00   0.250
 2402.00   0.000
 2403.00   0.000
 2404.00   0.000
 2405.00   0.027
 2406.00   0.012
 2407.00   0.027
 2408.00   0.027
 2409.00   0.207
 2410.00   0.012
 2411.00   0.027
 2412.00   0.027
 2413.00   0.026
 2414.00   0.011
 2415.00   0.026
 2416.00   0.026
 2417.00   0.026
 2418.00   0.011
 2419.00   0.206
 2420.00   0.026
 2421.00   0.026
 2422.00   0.011
 2423.00   0.000
 2424.00   0.206
 2425.00   0.025
 2426.00   0.010
 2427.00   0.025
 2428.00   0.206
 2429.00   0.025
 2430.00   0.010
 2431.00   0.025
 2432.00   0.025
 2433.00   0.078
 2434.00   0.063
 2435.00   0.078
 2436.00   0.000
 2437.00   0.102
 2438.00   0.102
 2439.00   0.101
 2440.00   0.086
 2441.00   0.101
 2442.00   0.101
 2443.00   0.101
 2444.00   0.086
 2445.00   0.101
 2446.00   0.101
 2447.00   0.085
 2448.00   0.100
 2449.00   0.095
 2450.00   0.095
 2451.00   0.028
 2452.00   0.224
 2453.00   0.000
 2454.00   0.028
 2455.00   0.043
 2456.00   0.043
 2457.00   0.042
 2458.00   0.027
 2459.00   0.042
 2460.00   0.042
 2461.00   0.027
 2462.00   0.042
 2463.00   0.042
 2464.00   0.042
 2465.00   0.096
 2466.00   0.114
 2467.00   0.114
 2468.00   0.294
 2469.00   0.000
 2470.00   0.113
 2471.00   0.000
 2472.00   0.113
 2473.00   0.000
 2474.00   0.113
 2475.00   0.113
 2476.00   0.097
 2477.00   0.112
 2478.00   0.039
 2479.00   0.220
 2480.00   0.039
 2481.00   0.024
 2482.00   0.000
 2483.00   0.024
 2484.00   0.000
 2485.00   0.038
 2486.00   0.219
 2487.00   0.023
 2488.00   0.038
 2489.00   0.038
 2490.00   0.038
 2491.00   0.023
 2492.00   0.000
 2493.00   0.080
 2494.00   0.095
 2495.00   0.095
 2496.00   0.636
 2497.00   0.272
 2498.00   0.272
 2499.00   0.091
 2500.00   0.272
 2501.00   0.091
 2502.00   0.091
 2503.00   0.076
 2504.00   0.091
 2505.00   0.091
 2506.00   0.023
 2507.00   0.219
 2508.00   0.038
 2509.00   0.038
 2510.00   0.038
 2511.00   0.023
 2512.00   0.038
 2513.00   0.038
 2514.00   0.022
 2515.00   0.037
 2516.00   0.037
 2517.00   0.037
 2518.00   0.022
 2519.00   0.000
 2520.00   0.116
 2521.00   0.101
 2522.00   0.116
 2523.00   0.115
 2524.00   0.100
 2525.00   0.115
 2526.00   0.115
 2527.00   0.104
 2528.00   0.000
 2529.00   0.104
 2530.00   0.000
 2531.00   0.103
 2532.00   0.103
 2533.00   0.088
 2534.00   0.019
 2535.00   0.019
 2536.00   0.004
 2537.00   0.199
 2538.00   0.019
 2539.00   0.199
 2540.00   0.019
 2541.00   0.019
 2542.00   0.003
 2543.00   0.018
 2544.00   0.575
 2545.00   0.199
 2546.00   0.199
 2547.00   0.199
 2548.00   0.064
 2549.00   0.079
 2550.00   0.079
 2551.00   0.079
 2552.00   0.000
 2553.00   0.079
 2554.00   0.064
 2555.00   0.079
 2556.00   0.078
 2557.00   0.078
 2558.00   0.027
 2559.00   0.000
 2560.00   0.027
 2561.00   0.000
 2562.00   0.000
 2563.00   0.000
 2564.00   0.000
 2565.00   0.166
 2566.00   0.000
 2567.00   0.000
 2568.00   0.000
 2569.00   1.098
 2570.00   0.166
 2571.00   0.166
 2572.00   0.166
 2573.00   0.166
 2574.00   0.166
 2575.00   0.000
 2576.00   0.166
 2577.00   0.166
 2578.00   0.346
 2579.00   0.166
 2580.00   0.000
 2581.00   0.166
 2582.00   0.000
 2583.00   0.166
 2584.00   0.000
 2585.00   0.000
 2586.00   0.000
 2587.00   0.000
 2588.00   0.000
 2589.00   0.000
 2590.00   0.000
 2591.00   0.142
 2592.00   0.142
 2593.00   0.142
 2594.00   0.338
 2595.00   0.142
 2596.00   0.000
 2597.00   0.000
 2598.00   0.000
 2599.00   0.000
 2600.00   0.000
 2601.00   0.142
 2602.00   0.000
 2603.00   0.142
 2604.00   0.000
 2605.00   0.000
 2606.00   0.142
 2607.00   0.000
 2608.00   0.518
 2609.00   0.322
 2610.00   0.142
 2611.00   0.000
 2612.00   0.000
 2613.00   0.000
 2614.00   0.142
 2615.00   0.518
 2616.00   0.142
 2617.00   0.120
 2618.00   0.000
 2619.00   0.120
 2620.00   0.000
 2621.00   1.053
 2622.00   0.120
 2623.00   0.120
 2624.00   0.120
 2625.00   0.000
 2626.00   0.496
 2627.00   0.677
 2628.00   3.069
 2629.00   7.885
 2630.00   7.331
 2631.00   4.369
 2632.00   5.679
 2633.00   3.634
 2634.00   1.604
 2635.00   1.604
 2636.00   0.882
 2637.00   0.868
 2638.00   1.048
 2639.00   3.306
 2640.00   8.000
 2641.00   3.638
 2642.00  11.794
 2643.00   6.260
 2644.00   3.628
 2645.00   6.262
 2646.00   4.233
 2647.00   4.218
 2648.00   2.481
 2649.00   2.196
 2650.00   1.308
 2651.00   2.783
 2652.00   3.942
 2653.00   1.310
 2654.00   1.025
 2655.00   1.025
 2656.00   0.453
 2657.00   0.152
 2658.00   0.438
 2659.00   0.739
 2660.00   0.438
 2661.00   0.153
 2662.00   0.454
 2663.00   0.153
 2664.00   0.724
 2665.00   0.454
 2666.00   0.153
 2667.00   0.153
 2668.00   0.153
 2669.00   0.439
 2670.00   3.659
 2671.00   2.772
 2672.00   4.819
 2673.00   3.075
 2674.00   0.156
 2675.00   0.442
 2676.00   0.457
 2677.00   0.743
 2678.00   0.440
 2679.00   0.154
 2680.00   0.154
 2681.00   0.154
 2682.00   0.000
 2683.00   0.154
 2684.00   0.000
 2685.00   0.154
 2686.00   0.154
 2687.00   0.000
 2688.00   0.154
 2689.00   0.154
 2690.00   0.000
 2691.00   0.154
 2692.00   0.000
 2693.00   0.154
 2694.00   0.000
 2695.00   0.000
 2696.00   0.000
 2697.00   0.154
 2698.00   0.000
 2699.00   0.154
 2700.00   0.000
 2701.00   0.154
 2702.00   0.000
 2703.00   0.000
 2704.00   0.000
 2705.00   0.000
 2706.00   0.147
 2707.00   0.000
 2708.00   0.147
 2709.00   0.000
 2710.00   0.164
 2711.00   0.000
 2712.00   0.000
 2713.00   0.000
 2714.00   0.164
 2715.00   0.000
 2716.00   0.164
 2717.00   0.000
 2718.00   0.000
 2719.00   0.000
 2720.00   0.164
 2721.00   0.000
 2722.00   0.163
 2723.00   0.000
 2724.00   0.163
 2725.00   0.163
 2726.00   0.000
 2727.00   0.163
 2728.00   0.000
 2729.00   0.000
 2730.00   0.000
 2731.00   0.163
 2732.00   0.000
 2733.00   0.000
 2734.00   0.163
 2735.00   0.000
 2736.00   0.000
 2737.00   0.000
 2738.00   0.000
 2739.00   0.000
 2740.00   0.000
 2741.00   0.000
 2742.00   0.261
 2743.00   0.000
 2744.00   0.000
 2745.00   0.000
 2746.00   0.000
 2747.00   0.000
 2748.00   0.000
 2749.00   0.000
 2750.00   0.000
 2751.00   0.000
 2752.00   0.000
 2753.00   0.000
 2754.00   0.000
 2755.00   0.000
 2756.00   0.000
 2757.00   0.000
 2758.00   0.000
 2759.00   0.000
 2760.00   0.000
 2761.00   0.000
 2762.00   0.000
 2763.00   0.000
 2764.00   0.000
 2765.00   0.000
 2766.00   0.000
 2767.00   0.000
 2768.00   0.000
 2769.00   0.000
 2770.00   0.000
 2771.00   0.000
 2772.00   0.000
 2773.00   0.000
 2774.00   0.259
 2775.00   0.000
 2776.00   0.000
 2777.00   0.000
 2778.00   0.000
 2779.00   0.000
 2780.00   0.000
 2781.00   0.000
 2782.00   0.000
 2783.00   0.000
 2784.00   0.000
 2785.00   0.000
 2786.00   0.000
 2787.00   0.258
 2788.00   0.258
 2789.00   0.000
 2790.00   0.000
 2791.00   0.000
 2792.00   0.000
 2793.00   0.000
 2794.00   0.000
 2795.00   0.000
 2796.00   0.000
 2797.00   0.000
 2798.00   0.000
 2799.00   0.000
 2800.00   0.000
 2801.00   0.001
 2802.00   0.000
 2803.00   0.000
 2804.00   0.000
 2805.00   0.000
 2806.00   0.000
 2807.00   0.000
 2808.00   0.000
 2809.00   0.000
 2810.00   0.000
 2811.00   0.000
 2812.00   0.000
 2813.00   0.000
 2814.00   0.000
 2815.00   0.000
 2816.00   0.000
 2817.00   0.000
 2818.00   0.000
 2819.00   0.000
 2820.00   0.000
 2821.00   0.000
 2822.00   0.283
 2823.00   0.000
 2824.00   0.000
 2825.00   0.000
 2826.00   0.032
 2827.00   0.017
 2828.00   0.031
 2829.00   0.031
 2830.00   0.016
 2831.00   0.000
 2832.00   0.034
 2833.00   0.033
 2834.00   0.018
 2835.00   0.033
 2836.00   0.033
 2837.00   0.018
 2838.00   0.000
 2839.00   0.032
 2840.00   0.032
 2841.00   0.000
 2842.00   0.032
 2843.00   0.000
 2844.00   0.016
 2845.00   0.031
 2846.00   0.031
 2847.00   0.016
 2848.00   0.031
 2849.00   0.000
 2850.00   0.030
 2851.00   0.015
 2852.00   0.000
 2853.00   0.315
 2854.00   0.000
 2855.00   0.014
 2856.00   0.029
 2857.00   0.029
 2858.00   0.014
 2859.00   0.028
 2860.00   0.028
 2861.00   0.013
 2862.00   0.023
 2863.00   0.008
 2864.00   0.000
 2865.00   0.007
 2866.00   0.022
 2867.00   0.022
 2868.00   0.000
 2869.00   0.007
 2870.00   0.000
 2871.00   0.006
 2872.00   0.021
 2873.00   0.000
 2874.00   0.020
 2875.00   0.005
 2876.00   0.020
 2877.00   0.020
 2878.00   0.000
 2879.00   0.004
 2880.00   0.019
 2881.00   0.019
 2882.00   0.004
 2883.00   0.019
 2884.00   0.019
 2885.00   0.003
 2886.00   0.018
 2887.00   0.003
 2888.00   0.018
 2889.00   0.016
 2890.00   0.001
 2891.00   0.000
 2892.00   0.000
 2893.00   0.002
 2894.00   0.000
 2895.00   0.002
 2896.00   0.002
 2897.00   0.000
 2898.00   0.000
 2899.00   0.001
 2900.00   0.000
 2901.00   0.000
 2902.00   0.000
 2903.00   0.286
 2904.00   0.572
 2905.00   0.286
 2906.00   0.000
 2907.00   0.000
 2908.00   0.000
 2909.00   0.000
 2910.00   0.000
 2911.00   0.000
 2912.00   0.000
 2913.00   0.000
 2914.00   0.000
 2915.00   0.000
 2916.00   0.000
 2917.00   0.585
 2918.00   0.873
 2919.00   0.287
 2920.00   0.000
 2921.00   0.286
 2922.00   0.001
 2923.00   0.000
 2924.00   0.243
 2925.00   0.000
 2926.00   0.000
 2927.00   0.000
 2928.00   0.243
 2929.00   0.243
 2930.00   0.243
 2931.00   0.000
 2932.00   0.000
 2933.00   0.000
 2934.00   0.000
 2935.00   0.000
 2936.00   0.000
 2937.00   0.000
 2938.00   0.000
 2939.00   0.000
 2940.00   0.000
 2941.00   0.000
 2942.00   0.000
 2943.00   0.000
 2944.00   0.000
 2945.00   0.000
 2946.00   0.000
 2947.00   0.000
 2948.00   0.000
 2949.00   0.000
 2950.00   0.000
 2951.00   0.000
 2952.00   0.240
 2953.00   0.000
 2954.00   0.000
 2955.00   0.000
 2956.00   0.000
 2957.00   0.160
 2958.00   0.160
 2959.00   0.000
 2960.00   0.160
 2961.00   0.000
 2962.00   0.160
 2963.00   1.032
 2964.00   0.160
 2965.00   0.000
 2966.00   0.160
 2967.00   2.793
 2968.00   1.319
 2969.00   0.462
 2970.00   0.733
 2971.00   0.162
 2972.00   0.000
 2973.00   0.447
 2974.00   2.208
 2975.00  35.732
 2976.00  17.672
 2977.00   4.843
 2978.00   4.273
 2979.00   3.663
 2980.00   7.756
 2981.00   4.553
 2982.00   2.508
 2983.00   1.889
 2984.00   1.318
 2985.00   1.303
 2986.00   1.018
 2987.00   1.319
 2988.00   0.732
 2989.00   0.431
 2990.00   1.304
 2991.00   1.319
 2992.00   3.065
 2993.00   4.525
 2994.00   1.893
 2995.00   1.307
 2996.00   1.021
 2997.00   3.940
 2998.00   3.068
 2999.00   0.737
 3000.00   3.656
 3001.00   1.024
 3002.00   0.723
 3003.00   0.452
 3004.00   3.356
 3005.00   3.071
 3006.00   1.898
 3007.00   2.200
 3008.00  10.837
 3009.00  12.239
 3010.00   5.952
 3011.00   4.991
 3012.00  11.748
 3013.00   9.343
 3014.00   9.972
 3015.00  15.557
 3016.00  15.063
 3017.00  17.545
 3018.00  19.517
 3019.00  17.547
 3020.00  17.546
 3021.00  17.050
 3022.00  17.546
 3023.00  12.596
 3024.00  10.127
 3025.00   8.140
 3026.00   7.643
 3027.00   9.132
 3028.00   9.133
 3029.00   8.140
 3030.00   7.643
 3031.00   6.650
 3032.00   6.649
 3033.00   6.153
 3034.00   6.153
 3035.00   5.656
 3036.00   5.656
 3037.00   5.174
 3038.00   5.174
 3039.00   4.678
 3040.00   4.678
 3041.00   5.174
 3042.00   5.174
 3043.00   4.677
 3044.00   4.178
 3045.00   4.178
 3046.00   3.682
 3047.00   3.681
 3048.00   3.681
 3049.00   3.681
 3050.00   3.681
 3051.00   3.681
 3052.00   3.681
 3053.00   3.681
 3054.00   3.681
 3055.00   3.681
 3056.00   3.682
 3057.00   3.682
 3058.00   3.682
 3059.00   2.704
 3060.00   2.703
 3061.00   2.703
 3062.00   2.222
 3063.00   2.222
 3064.00   1.740
 3065.00   1.259
 3066.00   1.258
 3067.00   0.777
 3068.00   0.280
 3069.00   0.280
 3070.00   0.000
 3071.00   0.175
 3072.00   0.000
 3073.00   0.174
 3074.00   0.000
 3075.00   0.197
 3076.00   0.197
 3077.00   0.197
 3078.00   0.000
 3079.00   0.196
 3080.00   0.000
 3081.00   0.196
 3082.00   0.000
 3083.00   0.000
 3084.00   0.000
 3085.00   0.196
 3086.00   0.196
 3087.00   0.000
 3088.00   0.196
 3089.00   0.000
 3090.00   0.000
 3091.00   0.196
 3092.00   0.196
 3093.00   0.000
 3094.00   0.195
 3095.00   0.000
 3096.00   0.195
 3097.00   0.195
 3098.00   0.000
 3099.00   0.195
 3100.00   0.195
 3101.00   0.000
 3102.00   0.195
 3103.00   0.000
 3104.00   0.000
 3105.00   0.000
 3106.00   0.000
 3107.00   0.000
 3108.00   0.307
 3109.00   0.000
 3110.00   0.000
 3111.00   0.000
 3112.00   0.000
 3113.00   0.000
 3114.00   0.000
 3115.00   0.000
 3116.00   0.000
 3117.00   0.000
 3118.00   0.000
 3119.00   0.305
 3120.00   0.000
 3121.00   0.000
 3122.00   0.000
 3123.00   0.000
 3124.00   0.000
 3125.00   0.000
 3126.00   0.000
 3127.00   0.304
 3128.00   0.000
 3129.00   0.000
 3130.00   0.000
 3131.00   0.000
 3132.00   0.303
 3133.00   0.000
 3134.00   0.000
 3135.00   0.000
 3136.00   0.000
 3137.00   0.000
 3138.00   0.000
 3139.00   0.000
 3140.00   0.000
 3141.00   0.344
 3142.00   0.000
 3143.00   0.344
 3144.00   0.000
 3145.00   0.344
 3146.00   0.000
 3147.00   0.000
 3148.00   0.000
 3149.00   0.000
 3150.00   0.000
 3151.00   0.000
 3152.00   0.000
 3153.00   0.000
 3154.00   0.000
 3155.00   0.000
 3156.00   0.000
 3157.00   0.000
 3158.00   0.000
 3159.00   0.000
 3160.00   0.000
 3161.00   0.000
 3162.00   0.000
 3163.00   0.000
 3164.00   0.000
 3165.00   0.000
 3166.00   0.000
 3167.00   0.023
 3168.00   0.023
 3169.00   0.022
 3170.00   0.007
 3171.00   0.000
 3172.00   0.021
 3173.00   0.021
 3174.00   0.021
 3175.00   0.021
 3176.00   0.020
 3177.00   0.020
 3178.00   0.000
 3179.00   0.020
 3180.00   0.019
 3181.00   0.019
 3182.00   0.019
 3183.00   0.410
 3184.00   0.000
 3185.00   0.048
 3186.00   0.048
 3187.00   0.048
 3188.00   0.048
 3189.00   0.047
 3190.00   0.047
 3191.00   0.047
 3192.00   0.047
 3193.00   0.047
 3194.00   0.046
 3195.00   0.046
 3196.00   0.046
 3197.00   0.050
 3198.00   0.091
 3199.00   0.075
 3200.00   0.000
 3201.00   0.075
 3202.00   0.075
 3203.00   0.074
 3204.00   0.435
 3205.00   0.000
 3206.00   0.000
 3207.00   0.073
 3208.00   0.073
 3209.00   0.000
 3210.00   0.073
 3211.00   0.072
 3212.00   0.072
 3213.00   0.072
 3214.00   0.072
 3215.00   0.087
 3216.00   0.071
 3217.00   0.071
 3218.00   0.071
 3219.00   0.000
 3220.00   0.070
 3221.00   0.000
 3222.00   0.070
 3223.00   0.070
 3224.00   0.069
 3225.00   0.000
 3226.00   0.069
 3227.00   0.069
 3228.00   0.063
 3229.00   0.063
 3230.00   0.062
 3231.00   0.062
 3232.00   0.077
 3233.00   0.000
 3234.00   0.061
 3235.00   0.000
 3236.00   0.061
 3237.00   0.061
 3238.00   0.060
 3239.00   0.060
 3240.00   0.060
 3241.00   0.000
 3242.00   0.059
 3243.00   0.059
 3244.00   0.059
 3245.00   0.059
 3246.00   0.059
 3247.00   0.000
 3248.00   0.083
 3249.00   0.067
 3250.00   0.067
 3251.00   0.067
 3252.00   0.067
 3253.00   0.067
 3254.00   0.067
 3255.00   0.000
 3256.00   0.066
 3257.00   0.066
 3258.00   0.049
 3259.00   0.049
 3260.00   0.048
 3261.00   0.048
 3262.00   0.048
 3263.00   0.000
 3264.00   0.048
 3265.00   0.062
 3266.00   0.047
 3267.00   0.047
 3268.00   0.047
 3269.00   0.047
 3270.00   0.047
 3271.00   0.000
 3272.00   0.000
 3273.00   0.076
 3274.00   0.076
 3275.00   0.075
 3276.00   0.075
 3277.00   0.075
 3278.00   0.075
 3279.00   0.000
 3280.00   0.074
 3281.00   0.000
 3282.00   0.000
 3283.00   3.052
 3284.00   0.074
 3285.00   0.000
 3286.00   0.073
 3287.00   0.073
 3288.00   0.072
 3289.00   0.018
 3290.00   0.018
 3291.00   0.018
 3292.00   0.349
 3293.00   0.033
 3294.00   0.018
 3295.00   0.348
 3296.00   0.017
 3297.00   2.981
 3298.00   2.335
 3299.00   0.681
 3300.00   0.350
 3301.00   1.012
 3302.00   1.343
 3303.00   1.013
 3304.00   1.614
 3305.00   0.621
 3306.00   2.427
 3307.00   2.082
 3308.00   1.014
 3309.00   1.015
 3310.00   0.654
 3311.00   1.015
 3312.00   0.654
 3313.00   0.293
 3314.00   0.293
 3315.00   0.293
 3316.00   0.293
 3317.00   0.000
 3318.00   0.000
 3319.00   0.293
 3320.00   0.257
 3321.00   0.000
 3322.00   0.000
 3323.00   0.000
 3324.00   0.257
 3325.00   0.000
 3326.00   0.000
 3327.00   0.256
 3328.00   0.256
 3329.00   0.000
 3330.00   0.182
 3331.00   0.000
 3332.00   0.543
 3333.00   0.543
 3334.00   0.182
 3335.00   0.000
 3336.00   0.000
 3337.00   0.181
 3338.00   0.543
 3339.00   0.182
 3340.00   0.543
 3341.00   0.182
 3342.00   0.543
 3343.00   0.182
 3344.00   0.543
 3345.00   0.543
 3346.00   0.182
 3347.00   0.182
 3348.00   0.147
 3349.00   0.508
 3350.00   0.147
 3351.00   3.397
 3352.00   0.509
 3353.00   0.148
 3354.00   0.148
 3355.00  10.951
 3356.00   1.233
 3357.00   1.956
 3358.00   0.873
 3359.00   3.747
 3360.00   1.957
 3361.00   1.236
 3362.00   0.875
 3363.00   0.153
 3364.00   0.153
 3365.00   0.153
 3366.00   0.153
 3367.00   0.153
 3368.00   0.165
 3369.00   0.000
 3370.00   0.872
 3371.00   0.526
 3372.00   0.165
 3373.00   0.165
 3374.00   0.000
 3375.00   0.165
 3376.00   0.165
 3377.00   0.165
 3378.00   0.000
 3379.00   0.173
 3380.00   0.173
 3381.00   0.173
 3382.00   0.173
 3383.00   0.173
 3384.00   3.047
 3385.00   0.173
 3386.00   0.535
 3387.00   0.174
 3388.00   0.000
 3389.00   0.173
 3390.00   0.000
 3391.00   0.173
 3392.00   0.173
 3393.00   0.000
 3394.00   0.173
 3395.00   0.173
 3396.00   3.814
 3397.00   0.565
 3398.00   0.566
 3399.00   0.174
 3400.00   0.174
 3401.00   0.174
 3402.00   0.174
 3403.00   0.174
 3404.00   0.000
 3405.00   0.174
 3406.00   0.000
 3407.00   0.174
 3408.00   0.000
 3409.00   0.000
 3410.00   0.000
 3411.00   0.000
 3412.00   0.000
 3413.00   0.173
 3414.00   0.000
 3415.00   0.172
 3416.00   0.000
 3417.00   0.172
 3418.00   0.172
 3419.00   0.000
 3420.00   0.172
 3421.00   0.172
 3422.00   0.000
 3423.00   0.172
 3424.00   0.000
 3425.00   0.172
 3426.00   0.000
 3427.00   0.172
 3428.00   0.172
 3429.00   0.000
 3430.00   0.000
 3431.00   0.172
 3432.00   0.000
 3433.00   0.000
 3434.00   0.000
 3435.00   0.000
 3436.00   0.000
 3437.00   0.000
 3438.00   0.000
 3439.00   0.171
 3440.00   0.000
 3441.00   0.191
 3442.00   0.000
 3443.00   0.191
 3444.00   0.000
 3445.00   0.191
 3446.00   0.000
 3447.00   0.191
 3448.00   0.000
 3449.00   0.191
 3450.00   0.000
 3451.00   0.000
 3452.00   0.000
 3453.00   0.000
 3454.00   0.000
 3455.00   0.000
 3456.00   0.190
 3457.00   0.000
 3458.00   0.000
 3459.00   0.190
 3460.00   0.000
 3461.00   0.190
 3462.00   0.000
 3463.00   0.190
 3464.00   0.190
 3465.00   0.536
 3466.00   0.190
 3467.00   0.190
 3468.00   0.000
 3469.00   0.190
 3470.00   0.000
 3471.00   0.000
 3472.00   0.239
 3473.00   0.000
 3474.00   0.000
 3475.00   0.000
 3476.00   0.000
 3477.00   0.238
 3478.00   0.000
 3479.00   0.274
 3480.00   0.000
 3481.00   0.000
 3482.00   0.000
 3483.00   0.000
 3484.00   0.274
 3485.00   0.000
 3486.00   0.000
 3487.00   0.000
 3488.00   0.273
 3489.00   0.000
 3490.00   0.000
 3491.00   0.000
 3492.00   0.000
 3493.00   0.273
 3494.00   0.000
 3495.00   0.000
 3496.00   0.000
 3497.00   0.000
 3498.00   0.273
 3499.00   0.000
 3500.00   0.272
