    2016a           2021Edson   Queiroz Braco 1 , EngRev, 0.13
JDAY    QIN
----    ----
    1.00   0.000
    2.00   0.057
    3.00   0.000
    4.00   0.000
    5.00   0.000
    6.00   0.057
    7.00   0.000
    8.00   0.000
    9.00   0.057
   10.00   0.057
   11.00   0.057
   12.00   0.000
   13.00   0.057
   14.00   0.057
   15.00   0.000
   16.00   0.057
   17.00   0.057
   18.00   0.057
   19.00   0.000
   20.00   0.415
   21.00   0.346
   22.00   0.057
   23.00   1.229
   24.00   2.099
   25.00   1.149
   26.00   0.534
   27.00   0.299
   28.00   0.300
   29.00   0.221
   30.00   0.061
   31.00   0.141
   32.00   0.054
   33.00   0.134
   34.00   0.054
   35.00   0.054
   36.00   0.054
   37.00   0.054
   38.00   0.000
   39.00   0.054
   40.00   0.054
   41.00   0.000
   42.00   0.000
   43.00   0.054
   44.00   0.054
   45.00   0.000
   46.00   0.000
   47.00   0.054
   48.00   0.000
   49.00   0.000
   50.00   0.000
   51.00   0.000
   52.00   0.000
   53.00   0.000
   54.00   0.054
   55.00   0.054
   56.00   0.000
   57.00   0.054
   58.00   0.000
   59.00   0.000
   60.00   0.000
   61.00   0.047
   62.00   0.000
   63.00   0.000
   64.00   0.000
   65.00   0.000
   66.00   0.047
   67.00   0.000
   68.00   0.000
   69.00   0.000
   70.00   0.046
   71.00   0.046
   72.00   0.000
   73.00   0.046
   74.00   0.046
   75.00   0.000
   76.00   0.000
   77.00   0.000
   78.00   0.046
   79.00   0.000
   80.00   0.000
   81.00   0.000
   82.00   0.046
   83.00   0.000
   84.00   0.000
   85.00   0.000
   86.00   0.000
   87.00   0.000
   88.00   0.046
   89.00   0.200
   90.00   0.046
   91.00   0.123
   92.00   0.125
   93.00   0.125
   94.00   0.048
   95.00   0.048
   96.00   0.048
   97.00   0.669
   98.00   1.472
   99.00   0.855
  100.00   0.375
  101.00   0.131
  102.00   0.213
  103.00   0.049
  104.00   0.131
  105.00   0.049
  106.00   0.049
  107.00   0.049
  108.00   0.000
  109.00   0.049
  110.00   0.049
  111.00   0.000
  112.00   0.049
  113.00   0.049
  114.00   0.000
  115.00   0.049
  116.00   0.000
  117.00   0.000
  118.00   0.000
  119.00   0.000
  120.00   0.000
  121.00   0.000
  122.00   0.049
  123.00   0.049
  124.00   0.130
  125.00   0.049
  126.00   0.000
  127.00   0.000
  128.00   0.049
  129.00   0.000
  130.00   0.129
  131.00   0.000
  132.00   0.048
  133.00   0.000
  134.00   0.048
  135.00   0.000
  136.00   0.048
  137.00   0.000
  138.00   0.000
  139.00   0.048
  140.00   0.000
  141.00   0.000
  142.00   0.048
  143.00   0.000
  144.00   0.000
  145.00   0.000
  146.00   0.048
  147.00   0.000
  148.00   0.000
  149.00   0.048
  150.00   0.000
  151.00   0.048
  152.00   0.128
  153.00   0.052
  154.00   0.000
  155.00   0.052
  156.00   0.000
  157.00   0.052
  158.00   0.000
  159.00   0.000
  160.00   0.000
  161.00   0.000
  162.00   0.052
  163.00   0.000
  164.00   0.052
  165.00   0.000
  166.00   0.000
  167.00   0.000
  168.00   0.051
  169.00   0.000
  170.00   0.000
  171.00   0.000
  172.00   0.000
  173.00   0.051
  174.00   0.000
  175.00   0.000
  176.00   0.000
  177.00   0.059
  178.00   0.000
  179.00   0.000
  180.00   0.000
  181.00   0.000
  182.00   0.000
  183.00   0.000
  184.00   0.000
  185.00   0.000
  186.00   0.000
  187.00   0.000
  188.00   0.000
  189.00   0.000
  190.00   0.144
  191.00   0.067
  192.00   0.000
  193.00   0.000
  194.00   0.000
  195.00   0.067
  196.00   0.000
  197.00   0.000
  198.00   0.000
  199.00   0.000
  200.00   0.067
  201.00   0.000
  202.00   0.067
  203.00   0.000
  204.00   0.000
  205.00   0.000
  206.00   0.000
  207.00   0.000
  208.00   0.000
  209.00   0.000
  210.00   0.000
  211.00   0.066
  212.00   0.000
  213.00   0.000
  214.00   0.000
  215.00   0.000
  216.00   0.000
  217.00   0.000
  218.00   0.000
  219.00   0.000
  220.00   0.073
  221.00   0.000
  222.00   0.000
  223.00   0.000
  224.00   0.000
  225.00   0.000
  226.00   0.000
  227.00   0.000
  228.00   0.000
  229.00   0.000
  230.00   0.000
  231.00   0.000
  232.00   0.072
  233.00   0.000
  234.00   0.000
  235.00   0.072
  236.00   0.000
  237.00   0.000
  238.00   0.000
  239.00   0.000
  240.00   0.000
  241.00   0.000
  242.00   0.000
  243.00   0.000
  244.00   0.000
  245.00   0.058
  246.00   0.058
  247.00   0.058
  248.00   0.058
  249.00   0.058
  250.00   0.058
  251.00   0.058
  252.00   0.058
  253.00   0.058
  254.00   0.058
  255.00   0.058
  256.00   0.058
  257.00   0.058
  258.00   0.058
  259.00   0.058
  260.00   0.058
  261.00   0.058
  262.00   0.058
  263.00   0.058
  264.00   0.006
  265.00   0.006
  266.00   0.006
  267.00   0.007
  268.00   0.007
  269.00   0.007
  270.00   0.007
  271.00   0.007
  272.00   0.007
  273.00   0.007
  274.00   0.007
  275.00   0.007
  276.00   0.007
  277.00   0.007
  278.00   0.008
  279.00   0.008
  280.00   0.008
  281.00   0.008
  282.00   0.008
  283.00   0.008
  284.00   0.008
  285.00   0.008
  286.00   0.008
  287.00   0.008
  288.00   0.008
  289.00   0.008
  290.00   0.008
  291.00   0.008
  292.00   0.008
  293.00   0.008
  294.00   0.008
  295.00   0.008
  296.00   0.008
  297.00   0.008
  298.00   0.008
  299.00   0.008
  300.00   0.008
  301.00   0.008
  302.00   0.008
  303.00   0.008
  304.00   0.008
  305.00   0.008
  306.00   0.008
  307.00   0.008
  308.00   0.008
  309.00   0.008
  310.00   0.008
  311.00   0.008
  312.00   0.008
  313.00   0.008
  314.00   0.008
  315.00   0.008
  316.00   0.008
  317.00   0.008
  318.00   0.008
  319.00   0.008
  320.00   0.008
  321.00   0.000
  322.00   0.008
  323.00   0.008
  324.00   0.008
  325.00   0.008
  326.00   0.008
  327.00   0.008
  328.00   0.008
  329.00   0.009
  330.00   0.009
  331.00   0.009
  332.00   0.009
  333.00   0.009
  334.00   0.009
  335.00   0.009
  336.00   0.006
  337.00   0.006
  338.00   0.006
  339.00   0.006
  340.00   0.006
  341.00   0.006
  342.00   0.007
  343.00   0.007
  344.00   0.007
  345.00   0.007
  346.00   0.007
  347.00   0.007
  348.00   0.007
  349.00   0.007
  350.00   0.007
  351.00   0.007
  352.00   0.007
  353.00   0.007
  354.00   0.007
  355.00   0.007
  356.00   0.067
  357.00   0.007
  358.00   0.007
  359.00   0.067
  360.00   0.007
  361.00   0.067
  362.00   0.007
  363.00   0.067
  364.00   0.007
  365.00   0.066
  366.00   0.007
  367.00   0.000
  368.00   0.000
  369.00   0.000
  370.00   0.000
  371.00   0.000
  372.00   0.000
  373.00   0.000
  374.00   0.000
  375.00   0.000
  376.00   0.000
  377.00   0.000
  378.00   0.000
  379.00   0.000
  380.00   0.000
  381.00   0.000
  382.00   0.058
  383.00   0.000
  384.00   0.058
  385.00   0.000
  386.00   0.058
  387.00   0.000
  388.00   0.231
  389.00   0.058
  390.00   0.000
  391.00   0.058
  392.00   0.000
  393.00   0.058
  394.00   0.000
  395.00   0.001
  396.00   0.001
  397.00   0.001
  398.00   0.000
  399.00   0.000
  400.00   0.000
  401.00   0.053
  402.00   0.000
  403.00   0.000
  404.00   0.000
  405.00   0.053
  406.00   0.053
  407.00   2.695
  408.00   1.480
  409.00   0.182
  410.00   0.055
  411.00   0.119
  412.00   0.000
  413.00   0.055
  414.00   0.437
  415.00   0.055
  416.00   0.055
  417.00   0.312
  418.00   0.056
  419.00   0.000
  420.00   0.056
  421.00   0.313
  422.00   0.056
  423.00   0.056
  424.00   0.056
  425.00   0.120
  426.00   0.050
  427.00   3.625
  428.00   6.010
  429.00   1.089
  430.00   0.782
  431.00   0.627
  432.00   0.468
  433.00   0.221
  434.00   0.222
  435.00   2.690
  436.00   3.258
  437.00   2.279
  438.00   2.060
  439.00   8.087
  440.00   3.657
  441.00   4.500
  442.00   3.862
  443.00   2.266
  444.00   1.685
  445.00   0.697
  446.00   0.955
  447.00   1.990
  448.00   4.948
  449.00   4.873
  450.00   1.904
  451.00   1.071
  452.00   1.079
  453.00   1.087
  454.00   0.949
  455.00   1.101
  456.00   1.703
  457.00   1.425
  458.00   1.438
  459.00   0.994
  460.00   0.540
  461.00   0.388
  462.00   0.082
  463.00   0.236
  464.00   0.236
  465.00   0.236
  466.00   0.544
  467.00   0.083
  468.00   0.237
  469.00   0.392
  470.00   0.703
  471.00   0.394
  472.00   0.239
  473.00   0.083
  474.00   0.083
  475.00   0.239
  476.00   0.239
  477.00   0.083
  478.00   0.239
  479.00   0.240
  480.00   0.240
  481.00   0.083
  482.00   0.083
  483.00   0.083
  484.00   0.083
  485.00   0.000
  486.00   0.083
  487.00   0.082
  488.00   0.082
  489.00   0.082
  490.00   0.082
  491.00   0.082
  492.00   0.082
  493.00   0.000
  494.00   0.082
  495.00   0.082
  496.00   0.000
  497.00   0.082
  498.00   0.000
  499.00   0.082
  500.00   0.082
  501.00   0.000
  502.00   0.082
  503.00   0.000
  504.00   0.082
  505.00   0.000
  506.00   0.082
  507.00   0.000
  508.00   0.000
  509.00   0.000
  510.00   0.000
  511.00   0.000
  512.00   0.082
  513.00   0.000
  514.00   0.236
  515.00   0.082
  516.00   0.082
  517.00   0.082
  518.00   0.000
  519.00   0.000
  520.00   0.090
  521.00   0.000
  522.00   0.000
  523.00   0.090
  524.00   0.000
  525.00   0.000
  526.00   0.089
  527.00   0.000
  528.00   0.089
  529.00   0.089
  530.00   0.000
  531.00   0.089
  532.00   0.000
  533.00   0.089
  534.00   0.000
  535.00   0.089
  536.00   0.000
  537.00   0.089
  538.00   0.000
  539.00   0.089
  540.00   0.000
  541.00   0.000
  542.00   0.000
  543.00   0.000
  544.00   0.000
  545.00   0.000
  546.00   0.089
  547.00   0.000
  548.00   0.000
  549.00   0.000
  550.00   0.000
  551.00   0.108
  552.00   0.108
  553.00   0.000
  554.00   0.000
  555.00   0.107
  556.00   0.000
  557.00   0.107
  558.00   0.107
  559.00   0.000
  560.00   0.107
  561.00   0.107
  562.00   0.000
  563.00   0.000
  564.00   0.109
  565.00   0.109
  566.00   0.109
  567.00   0.110
  568.00   0.259
  569.00   0.110
  570.00   0.110
  571.00   0.110
  572.00   0.110
  573.00   0.259
  574.00   0.110
  575.00   0.000
  576.00   0.110
  577.00   0.110
  578.00   0.110
  579.00   0.126
  580.00   0.126
  581.00   0.000
  582.00   0.000
  583.00   0.000
  584.00   0.000
  585.00   0.000
  586.00   0.000
  587.00   0.000
  588.00   0.000
  589.00   0.000
  590.00   0.000
  591.00   0.000
  592.00   0.000
  593.00   0.000
  594.00   0.000
  595.00   0.000
  596.00   0.000
  597.00   0.000
  598.00   0.000
  599.00   0.000
  600.00   0.000
  601.00   0.131
  602.00   0.000
  603.00   0.114
  604.00   0.114
  605.00   0.000
  606.00   0.114
  607.00   0.114
  608.00   0.000
  609.00   0.115
  610.00   0.000
  611.00   0.000
  612.00   0.128
  613.00   0.000
  614.00   0.128
  615.00   0.000
  616.00   0.000
  617.00   0.000
  618.00   0.128
  619.00   0.000
  620.00   0.128
  621.00   0.000
  622.00   0.000
  623.00   0.000
  624.00   0.058
  625.00   0.000
  626.00   0.058
  627.00   0.000
  628.00   0.000
  629.00   0.012
  630.00   0.013
  631.00   0.013
  632.00   0.000
  633.00   0.148
  634.00   0.014
  635.00   0.000
  636.00   0.007
  637.00   0.000
  638.00   0.000
  639.00   0.000
  640.00   0.000
  641.00   0.000
  642.00   0.000
  643.00   0.000
  644.00   0.000
  645.00   0.000
  646.00   0.000
  647.00   0.000
  648.00   0.000
  649.00   0.005
  650.00   0.135
  651.00   0.006
  652.00   0.006
  653.00   0.006
  654.00   0.007
  655.00   0.000
  656.00   0.058
  657.00   0.058
  658.00   0.058
  659.00   0.047
  660.00   0.047
  661.00   0.047
  662.00   0.047
  663.00   0.000
  664.00   0.047
  665.00   0.047
  666.00   0.000
  667.00   0.048
  668.00   0.048
  669.00   0.055
  670.00   0.055
  671.00   0.054
  672.00   0.054
  673.00   0.000
  674.00   0.054
  675.00   0.000
  676.00   0.054
  677.00   0.054
  678.00   0.000
  679.00   0.000
  680.00   0.054
  681.00   0.054
  682.00   0.054
  683.00   0.054
  684.00   0.054
  685.00   0.054
  686.00   0.054
  687.00   0.054
  688.00   0.054
  689.00   0.000
  690.00   0.054
  691.00   0.055
  692.00   0.055
  693.00   0.055
  694.00   0.000
  695.00   0.055
  696.00   0.055
  697.00   0.055
  698.00   0.055
  699.00   0.000
  700.00   0.055
  701.00   0.050
  702.00   0.000
  703.00   0.000
  704.00   0.050
  705.00   0.050
  706.00   0.050
  707.00   0.050
  708.00   0.050
  709.00   0.050
  710.00   0.050
  711.00   0.050
  712.00   0.050
  713.00   0.050
  714.00   0.000
  715.00   0.050
  716.00   0.000
  717.00   0.050
  718.00   0.050
  719.00   0.050
  720.00   0.050
  721.00   0.051
  722.00   0.051
  723.00   0.051
  724.00   0.051
  725.00   0.051
  726.00   0.051
  727.00   0.051
  728.00   0.051
  729.00   0.051
  730.00   0.051
  731.00   0.051
  732.00   0.034
  733.00   0.034
  734.00   0.034
  735.00   0.034
  736.00   0.000
  737.00   0.035
  738.00   0.035
  739.00   0.035
  740.00   0.000
  741.00   0.035
  742.00   0.035
  743.00   0.035
  744.00   0.035
  745.00   0.035
  746.00   0.035
  747.00   0.000
  748.00   0.035
  749.00   0.036
  750.00   0.036
  751.00   0.000
  752.00   0.036
  753.00   0.148
  754.00   0.036
  755.00   0.036
  756.00   0.036
  757.00   0.036
  758.00   0.483
  759.00   0.148
  760.00   0.036
  761.00   0.036
  762.00   0.036
  763.00   0.000
  764.00   0.000
  765.00   0.000
  766.00   0.000
  767.00   0.000
  768.00   0.000
  769.00   0.202
  770.00   0.091
  771.00   0.000
  772.00   0.000
  773.00   0.091
  774.00   0.202
  775.00   0.202
  776.00   0.647
  777.00   0.092
  778.00   0.092
  779.00   0.000
  780.00   2.574
  781.00   0.207
  782.00   0.093
  783.00   0.093
  784.00   3.470
  785.00   0.451
  786.00   0.333
  787.00   0.095
  788.00   0.214
  789.00   0.000
  790.00   0.000
  791.00   0.079
  792.00   0.079
  793.00   0.079
  794.00   0.079
  795.00   0.000
  796.00   0.079
  797.00   0.000
  798.00   0.079
  799.00   0.000
  800.00   0.079
  801.00   0.000
  802.00   0.316
  803.00   0.000
  804.00   0.079
  805.00   0.079
  806.00   0.079
  807.00   0.000
  808.00   0.435
  809.00   0.079
  810.00   0.000
  811.00   0.079
  812.00   0.000
  813.00   0.079
  814.00   0.000
  815.00   0.000
  816.00   0.316
  817.00   0.079
  818.00   0.079
  819.00   0.079
  820.00   0.198
  821.00   0.079
  822.00   0.319
  823.00   0.082
  824.00   0.000
  825.00   1.277
  826.00   0.564
  827.00   0.810
  828.00   0.448
  829.00   0.695
  830.00   1.567
  831.00   5.179
  832.00  19.792
  833.00   3.155
  834.00   1.181
  835.00   0.876
  836.00   0.880
  837.00   4.567
  838.00   5.364
  839.00   1.436
  840.00   0.769
  841.00   0.432
  842.00   0.433
  843.00   0.263
  844.00   0.264
  845.00   0.434
  846.00   0.094
  847.00   0.264
  848.00   0.094
  849.00   0.000
  850.00   0.094
  851.00   0.094
  852.00   0.093
  853.00   0.263
  854.00   0.093
  855.00   0.093
  856.00   0.093
  857.00   0.000
  858.00   0.093
  859.00   0.093
  860.00   0.434
  861.00   0.093
  862.00   0.093
  863.00   0.000
  864.00   0.093
  865.00   0.093
  866.00   0.000
  867.00   0.093
  868.00   0.000
  869.00   0.000
  870.00   0.093
  871.00   0.000
  872.00   0.092
  873.00   0.000
  874.00   0.092
  875.00   0.000
  876.00   0.092
  877.00   0.000
  878.00   0.000
  879.00   0.092
  880.00   0.000
  881.00   0.000
  882.00   0.000
  883.00   0.101
  884.00   0.000
  885.00   0.101
  886.00   0.000
  887.00   0.000
  888.00   0.101
  889.00   0.000
  890.00   0.000
  891.00   0.101
  892.00   0.000
  893.00   0.101
  894.00   0.000
  895.00   0.000
  896.00   0.100
  897.00   0.000
  898.00   0.000
  899.00   0.100
  900.00   0.000
  901.00   0.000
  902.00   0.000
  903.00   0.027
  904.00   0.027
  905.00   0.027
  906.00   0.028
  907.00   0.028
  908.00   0.028
  909.00   0.028
  910.00   0.000
  911.00   0.028
  912.00   0.028
  913.00   0.000
  914.00   0.214
  915.00   0.000
  916.00   0.000
  917.00   0.000
  918.00   0.000
  919.00   0.000
  920.00   0.000
  921.00   0.000
  922.00   0.000
  923.00   0.000
  924.00   0.000
  925.00   0.000
  926.00   0.000
  927.00   0.000
  928.00   0.000
  929.00   0.000
  930.00   0.000
  931.00   0.000
  932.00   0.000
  933.00   0.000
  934.00   0.000
  935.00   0.000
  936.00   0.000
  937.00   0.000
  938.00   0.000
  939.00   0.000
  940.00   0.000
  941.00   0.000
  942.00   0.000
  943.00   0.000
  944.00   0.000
  945.00   0.000
  946.00   0.000
  947.00   0.000
  948.00   0.000
  949.00   0.000
  950.00   0.000
  951.00   0.000
  952.00   0.000
  953.00   0.000
  954.00   0.000
  955.00   0.000
  956.00   0.000
  957.00   0.000
  958.00   0.144
  959.00   0.040
  960.00   0.040
  961.00   0.040
  962.00   0.040
  963.00   0.000
  964.00   0.040
  965.00   0.040
  966.00   0.000
  967.00   0.040
  968.00   0.040
  969.00   0.000
  970.00   0.000
  971.00   0.000
  972.00   0.142
  973.00   0.000
  974.00   0.000
  975.00   0.081
  976.00   0.081
  977.00   0.081
  978.00   0.081
  979.00   0.081
  980.00   0.000
  981.00   0.081
  982.00   0.081
  983.00   0.081
  984.00   0.081
  985.00   0.000
  986.00   0.081
  987.00   0.000
  988.00   0.102
  989.00   0.102
  990.00   0.102
  991.00   0.000
  992.00   0.102
  993.00   0.000
  994.00   0.102
  995.00   0.000
  996.00   0.103
  997.00   0.103
  998.00   0.103
  999.00   0.000
 1000.00   0.103
 1001.00   0.103
 1002.00   0.000
 1003.00   0.078
 1004.00   0.078
 1005.00   0.000
 1006.00   0.080
 1007.00   0.000
 1008.00   0.080
 1009.00   0.000
 1010.00   0.080
 1011.00   0.000
 1012.00   0.080
 1013.00   0.080
 1014.00   0.000
 1015.00   0.080
 1016.00   0.000
 1017.00   0.091
 1018.00   0.000
 1019.00   0.235
 1020.00   0.091
 1021.00   0.091
 1022.00   0.000
 1023.00   0.091
 1024.00   0.000
 1025.00   0.091
 1026.00   0.091
 1027.00   0.091
 1028.00   0.091
 1029.00   0.000
 1030.00   0.091
 1031.00   0.091
 1032.00   0.000
 1033.00   0.091
 1034.00   0.091
 1035.00   0.000
 1036.00   0.089
 1037.00   0.000
 1038.00   0.000
 1039.00   0.090
 1040.00   0.000
 1041.00   0.090
 1042.00   0.090
 1043.00   0.090
 1044.00   0.090
 1045.00   0.090
 1046.00   0.090
 1047.00   0.090
 1048.00   0.000
 1049.00   0.000
 1050.00   0.000
 1051.00   0.085
 1052.00   0.085
 1053.00   0.085
 1054.00   0.000
 1055.00   0.222
 1056.00   0.085
 1057.00   0.085
 1058.00   0.085
 1059.00   0.000
 1060.00   0.085
 1061.00   0.085
 1062.00   0.085
 1063.00   0.058
 1064.00   0.194
 1065.00   0.194
 1066.00   0.052
 1067.00   0.052
 1068.00   0.000
 1069.00   0.052
 1070.00   0.230
 1071.00   0.230
 1072.00   0.230
 1073.00   0.095
 1074.00   0.230
 1075.00   0.095
 1076.00   0.230
 1077.00   0.095
 1078.00   0.095
 1079.00   0.095
 1080.00   0.095
 1081.00   0.087
 1082.00   0.087
 1083.00   0.088
 1084.00   0.000
 1085.00   0.000
 1086.00   0.001
 1087.00   0.001
 1088.00   0.000
 1089.00   0.001
 1090.00   0.001
 1091.00   0.000
 1092.00   0.001
 1093.00   0.001
 1094.00   0.001
 1095.00   0.001
 1096.00   0.001
 1097.00   0.000
 1098.00   0.000
 1099.00   0.000
 1100.00   0.000
 1101.00   0.113
 1102.00   0.000
 1103.00   0.000
 1104.00   0.000
 1105.00   0.112
 1106.00   0.000
 1107.00   0.000
 1108.00   0.112
 1109.00   0.000
 1110.00   0.112
 1111.00   0.112
 1112.00   0.242
 1113.00   0.243
 1114.00   0.112
 1115.00   0.112
 1116.00   0.000
 1117.00   0.112
 1118.00   0.000
 1119.00   0.112
 1120.00   0.000
 1121.00   0.121
 1122.00   0.000
 1123.00   0.000
 1124.00   0.121
 1125.00   0.000
 1126.00   0.000
 1127.00   0.000
 1128.00   0.109
 1129.00   0.000
 1130.00   0.109
 1131.00   0.109
 1132.00   0.238
 1133.00   0.109
 1134.00   0.238
 1135.00   0.109
 1136.00   0.000
 1137.00   0.000
 1138.00   0.109
 1139.00   0.109
 1140.00   0.238
 1141.00   0.109
 1142.00   0.626
 1143.00   0.109
 1144.00   0.239
 1145.00   0.109
 1146.00   0.369
 1147.00   0.239
 1148.00   0.239
 1149.00   0.240
 1150.00   0.109
 1151.00   0.000
 1152.00   0.109
 1153.00   0.109
 1154.00   0.000
 1155.00   0.109
 1156.00   0.000
 1157.00   0.097
 1158.00   0.227
 1159.00   0.097
 1160.00   0.097
 1161.00   0.344
 1162.00   0.083
 1163.00   0.214
 1164.00   0.083
 1165.00   0.214
 1166.00   0.083
 1167.00   0.000
 1168.00   0.083
 1169.00   0.345
 1170.00   1.666
 1171.00   0.749
 1172.00   0.084
 1173.00   0.888
 1174.00   0.758
 1175.00   1.034
 1176.00   0.905
 1177.00   0.772
 1178.00   1.332
 1179.00   1.767
 1180.00   0.652
 1181.00   0.654
 1182.00   0.943
 1183.00   1.816
 1184.00   1.545
 1185.00   1.265
 1186.00   3.226
 1187.00   6.893
 1188.00   6.548
 1189.00   3.423
 1190.00   4.349
 1191.00   4.456
 1192.00   4.926
 1193.00   3.022
 1194.00   1.211
 1195.00   0.475
 1196.00   0.476
 1197.00   0.849
 1198.00   0.852
 1199.00   0.480
 1200.00   0.294
 1201.00   0.669
 1202.00   1.048
 1203.00   0.864
 1204.00   0.487
 1205.00   1.250
 1206.00   2.412
 1207.00   2.243
 1208.00   1.479
 1209.00   0.896
 1210.00   0.307
 1211.00   0.505
 1212.00   0.308
 1213.00   0.308
 1214.00   4.307
 1215.00   3.159
 1216.00   5.284
 1217.00   4.121
 1218.00   1.394
 1219.00   0.543
 1220.00   0.758
 1221.00   0.330
 1222.00   0.115
 1223.00   0.330
 1224.00   0.330
 1225.00   0.115
 1226.00   0.115
 1227.00   0.115
 1228.00   0.115
 1229.00   0.115
 1230.00   0.330
 1231.00   0.331
 1232.00   0.331
 1233.00   0.115
 1234.00   0.115
 1235.00   0.115
 1236.00   0.115
 1237.00   0.115
 1238.00   0.331
 1239.00   0.115
 1240.00   0.115
 1241.00   0.115
 1242.00   0.000
 1243.00   0.115
 1244.00   0.115
 1245.00   0.000
 1246.00   0.115
 1247.00   0.115
 1248.00   0.000
 1249.00   0.127
 1250.00   0.000
 1251.00   0.127
 1252.00   0.000
 1253.00   0.000
 1254.00   0.000
 1255.00   0.127
 1256.00   0.000
 1257.00   0.000
 1258.00   0.000
 1259.00   0.126
 1260.00   0.126
 1261.00   0.000
 1262.00   0.126
 1263.00   0.000
 1264.00   0.126
 1265.00   0.000
 1266.00   0.081
 1267.00   0.000
 1268.00   0.130
 1269.00   0.130
 1270.00   0.000
 1271.00   0.000
 1272.00   0.000
 1273.00   0.130
 1274.00   0.000
 1275.00   0.000
 1276.00   0.000
 1277.00   0.129
 1278.00   0.158
 1279.00   0.158
 1280.00   0.000
 1281.00   0.158
 1282.00   0.000
 1283.00   0.000
 1284.00   0.000
 1285.00   0.000
 1286.00   0.000
 1287.00   0.000
 1288.00   0.000
 1289.00   0.000
 1290.00   0.000
 1291.00   0.000
 1292.00   0.000
 1293.00   0.157
 1294.00   0.000
 1295.00   0.156
 1296.00   0.000
 1297.00   0.000
 1298.00   0.156
 1299.00   0.156
 1300.00   0.000
 1301.00   0.000
 1302.00   0.000
 1303.00   0.156
 1304.00   0.000
 1305.00   0.000
 1306.00   0.000
 1307.00   0.000
 1308.00   0.000
 1309.00   0.178
 1310.00   0.000
 1311.00   0.000
 1312.00   0.178
 1313.00   0.000
 1314.00   0.000
 1315.00   0.000
 1316.00   0.000
 1317.00   0.000
 1318.00   0.000
 1319.00   0.177
 1320.00   0.000
 1321.00   0.000
 1322.00   0.000
 1323.00   0.000
 1324.00   0.133
 1325.00   0.133
 1326.00   0.000
 1327.00   0.180
 1328.00   0.180
 1329.00   0.000
 1330.00   0.180
 1331.00   0.000
 1332.00   0.180
 1333.00   0.000
 1334.00   0.180
 1335.00   0.000
 1336.00   0.180
 1337.00   0.000
 1338.00   0.000
 1339.00   0.000
 1340.00   0.211
 1341.00   0.007
 1342.00   0.007
 1343.00   0.007
 1344.00   0.007
 1345.00   0.007
 1346.00   0.007
 1347.00   0.007
 1348.00   0.007
 1349.00   0.209
 1350.00   0.007
 1351.00   0.007
 1352.00   0.007
 1353.00   0.007
 1354.00   0.000
 1355.00   0.004
 1356.00   0.000
 1357.00   0.000
 1358.00   0.000
 1359.00   0.000
 1360.00   0.000
 1361.00   0.000
 1362.00   0.057
 1363.00   0.057
 1364.00   0.000
 1365.00   0.057
 1366.00   0.000
 1367.00   0.057
 1368.00   0.000
 1369.00   0.057
 1370.00   0.000
 1371.00   0.099
 1372.00   0.000
 1373.00   0.099
 1374.00   0.099
 1375.00   0.000
 1376.00   0.000
 1377.00   0.000
 1378.00   0.000
 1379.00   0.000
 1380.00   0.000
 1381.00   0.000
 1382.00   0.000
 1383.00   0.000
 1384.00   0.000
 1385.00   0.000
 1386.00   0.110
 1387.00   0.000
 1388.00   0.110
 1389.00   0.000
 1390.00   0.303
 1391.00   0.110
 1392.00   0.110
 1393.00   0.110
 1394.00   0.000
 1395.00   0.110
 1396.00   0.000
 1397.00   0.000
 1398.00   0.119
 1399.00   0.119
 1400.00   0.000
 1401.00   0.117
 1402.00   0.117
 1403.00   0.000
 1404.00   0.117
 1405.00   0.000
 1406.00   0.117
 1407.00   0.000
 1408.00   0.117
 1409.00   0.000
 1410.00   0.117
 1411.00   0.000
 1412.00   0.000
 1413.00   0.181
 1414.00   0.181
 1415.00   0.181
 1416.00   0.000
 1417.00   0.110
 1418.00   0.110
 1419.00   0.110
 1420.00   0.110
 1421.00   0.110
 1422.00   0.000
 1423.00   0.110
 1424.00   0.000
 1425.00   0.110
 1426.00   0.118
 1427.00   0.118
 1428.00   0.000
 1429.00   0.118
 1430.00   0.118
 1431.00   0.000
 1432.00   0.110
 1433.00   0.000
 1434.00   0.110
 1435.00   0.110
 1436.00   0.110
 1437.00   0.110
 1438.00   0.110
 1439.00   0.110
 1440.00   0.000
 1441.00   0.110
 1442.00   0.052
 1443.00   0.052
 1444.00   0.052
 1445.00   0.000
 1446.00   0.052
 1447.00   0.052
 1448.00   0.052
 1449.00   0.000
 1450.00   0.000
 1451.00   0.000
 1452.00   0.000
 1453.00   0.000
 1454.00   0.000
 1455.00   0.000
 1456.00   0.000
 1457.00   0.105
 1458.00   0.000
 1459.00   0.105
 1460.00   0.000
 1461.00   0.121
 1462.00   0.000
 1463.00   0.000
 1464.00   0.000
 1465.00   0.000
 1466.00   0.094
 1467.00   0.000
 1468.00   0.000
 1469.00   0.269
 1470.00   0.094
 1471.00   0.094
 1472.00   0.094
 1473.00   0.000
 1474.00   0.000
 1475.00   0.094
 1476.00   0.000
 1477.00   0.093
 1478.00   0.093
 1479.00   0.000
 1480.00   0.093
 1481.00   0.000
 1482.00   0.093
 1483.00   0.000
 1484.00   0.093
 1485.00   0.093
 1486.00   0.093
 1487.00   0.000
 1488.00   0.093
 1489.00   0.000
 1490.00   0.000
 1491.00   0.093
 1492.00   0.617
 1493.00   1.212
 1494.00   0.161
 1495.00   0.513
 1496.00   0.161
 1497.00   0.161
 1498.00   0.161
 1499.00   0.161
 1500.00   0.161
 1501.00   0.000
 1502.00   0.161
 1503.00   0.000
 1504.00   0.000
 1505.00   0.336
 1506.00   0.161
 1507.00   0.161
 1508.00   0.000
 1509.00   0.115
 1510.00   0.115
 1511.00   0.115
 1512.00   0.819
 1513.00   0.115
 1514.00   0.645
 1515.00   0.116
 1516.00   0.116
 1517.00   0.293
 1518.00   0.116
 1519.00   0.293
 1520.00   0.116
 1521.00   0.471
 1522.00   0.454
 1523.00   0.455
 1524.00   1.171
 1525.00   0.638
 1526.00   1.362
 1527.00   2.284
 1528.00   2.495
 1529.00   3.277
 1530.00   1.615
 1531.00   1.244
 1532.00   0.868
 1533.00   1.256
 1534.00   2.622
 1535.00   6.033
 1536.00   1.513
 1537.00   3.152
 1538.00   3.401
 1539.00   1.356
 1540.00   1.993
 1541.00   1.585
 1542.00   2.447
 1543.00   3.334
 1544.00   1.631
 1545.00   2.298
 1546.00   9.049
 1547.00   6.788
 1548.00   2.927
 1549.00   1.297
 1550.00   0.828
 1551.00   1.782
 1552.00   3.716
 1553.00   1.819
 1554.00   0.855
 1555.00   0.613
 1556.00   1.837
 1557.00   1.847
 1558.00   1.115
 1559.00   0.622
 1560.00   0.375
 1561.00   0.128
 1562.00   1.121
 1563.00   0.377
 1564.00   0.377
 1565.00   0.876
 1566.00   0.378
 1567.00   0.128
 1568.00   0.378
 1569.00   0.379
 1570.00   0.128
 1571.00   0.379
 1572.00   1.133
 1573.00  13.744
 1574.00   9.715
 1575.00   5.303
 1576.00   3.717
 1577.00   4.594
 1578.00   3.800
 1579.00   5.845
 1580.00   2.447
 1581.00   1.010
 1582.00   1.303
 1583.00   0.722
 1584.00   0.431
 1585.00   0.432
 1586.00   0.140
 1587.00   0.140
 1588.00   0.140
 1589.00   0.140
 1590.00   0.140
 1591.00   0.000
 1592.00   0.140
 1593.00   0.140
 1594.00   0.000
 1595.00   0.140
 1596.00   0.140
 1597.00   0.000
 1598.00   0.140
 1599.00   0.140
 1600.00   0.140
 1601.00   0.000
 1602.00   0.140
 1603.00   0.140
 1604.00   0.140
 1605.00   0.140
 1606.00   0.140
 1607.00   0.000
 1608.00   0.140
 1609.00   0.000
 1610.00   0.140
 1611.00   0.000
 1612.00   0.000
 1613.00   0.140
 1614.00   0.156
 1615.00   0.000
 1616.00   0.156
 1617.00   0.000
 1618.00   0.000
 1619.00   0.155
 1620.00   0.000
 1621.00   0.155
 1622.00   0.155
 1623.00   0.155
 1624.00   0.155
 1625.00   0.000
 1626.00   0.155
 1627.00   0.000
 1628.00   0.155
 1629.00   0.000
 1630.00   0.000
 1631.00   0.155
 1632.00   0.000
 1633.00   0.155
 1634.00   0.000
 1635.00   0.000
 1636.00   0.000
 1637.00   0.000
 1638.00   0.155
 1639.00   0.000
 1640.00   0.155
 1641.00   0.000
 1642.00   0.154
 1643.00   0.154
 1644.00   0.193
 1645.00   0.193
 1646.00   0.000
 1647.00   0.193
 1648.00   0.193
 1649.00   0.193
 1650.00   0.193
 1651.00   0.193
 1652.00   0.193
 1653.00   0.000
 1654.00   0.193
 1655.00   0.193
 1656.00   0.000
 1657.00   0.193
 1658.00   0.000
 1659.00   0.192
 1660.00   0.000
 1661.00   0.000
 1662.00   0.000
 1663.00   0.000
 1664.00   0.000
 1665.00   0.000
 1666.00   0.000
 1667.00   0.000
 1668.00   0.000
 1669.00   0.000
 1670.00   0.000
 1671.00   0.000
 1672.00   0.000
 1673.00   0.000
 1674.00   0.000
 1675.00   0.000
 1676.00   0.000
 1677.00   0.000
 1678.00   0.000
 1679.00   0.026
 1680.00   0.048
 1681.00   0.000
 1682.00   0.048
 1683.00   0.048
 1684.00   0.048
 1685.00   0.048
 1686.00   0.000
 1687.00   0.049
 1688.00   0.049
 1689.00   0.049
 1690.00   0.049
 1691.00   0.042
 1692.00   0.043
 1693.00   0.043
 1694.00   0.043
 1695.00   0.043
 1696.00   0.043
 1697.00   0.000
 1698.00   0.043
 1699.00   0.043
 1700.00   0.043
 1701.00   0.043
 1702.00   0.043
 1703.00   0.043
 1704.00   0.000
 1705.00   0.044
 1706.00   0.101
 1707.00   0.101
 1708.00   0.101
 1709.00   0.000
 1710.00   0.101
 1711.00   0.101
 1712.00   0.101
 1713.00   0.101
 1714.00   0.000
 1715.00   0.000
 1716.00   0.000
 1717.00   0.000
 1718.00   0.000
 1719.00   0.000
 1720.00   0.000
 1721.00   0.000
 1722.00   0.000
 1723.00   0.080
 1724.00   0.080
 1725.00   0.000
 1726.00   0.000
 1727.00   0.000
 1728.00   0.114
 1729.00   0.347
 1730.00   0.081
 1731.00   0.081
 1732.00   0.081
 1733.00   0.346
 1734.00   0.081
 1735.00   0.081
 1736.00   0.349
 1737.00   0.000
 1738.00   0.364
 1739.00   0.100
 1740.00   0.364
 1741.00   0.364
 1742.00   0.100
 1743.00   0.364
 1744.00   0.100
 1745.00   0.100
 1746.00   0.100
 1747.00   0.100
 1748.00   0.000
 1749.00   0.100
 1750.00   0.100
 1751.00   0.000
 1752.00   0.100
 1753.00   0.098
 1754.00   0.098
 1755.00   0.000
 1756.00   0.098
 1757.00   0.098
 1758.00   0.000
 1759.00   0.098
 1760.00   0.000
 1761.00   0.098
 1762.00   0.099
 1763.00   0.000
 1764.00   0.099
 1765.00   0.000
 1766.00   0.099
 1767.00   0.095
 1768.00   0.095
 1769.00   0.610
 1770.00   0.353
 1771.00   0.095
 1772.00   0.353
 1773.00   0.095
 1774.00   0.095
 1775.00   0.000
 1776.00   0.095
 1777.00   0.095
 1778.00   0.095
 1779.00   0.095
 1780.00   0.096
 1781.00   0.096
 1782.00   0.096
 1783.00   0.000
 1784.00   0.096
 1785.00   0.096
 1786.00   0.096
 1787.00   0.096
 1788.00   0.096
 1789.00   0.126
 1790.00   0.126
 1791.00   0.126
 1792.00   0.126
 1793.00   0.000
 1794.00   0.126
 1795.00   0.126
 1796.00   0.126
 1797.00   0.114
 1798.00   0.114
 1799.00   0.000
 1800.00   0.115
 1801.00   0.115
 1802.00   0.115
 1803.00   0.077
 1804.00   0.077
 1805.00   0.000
 1806.00   0.077
 1807.00   0.077
 1808.00   0.077
 1809.00   0.000
 1810.00   0.078
 1811.00   0.078
 1812.00   0.078
 1813.00   0.078
 1814.00   0.078
 1815.00   0.000
 1816.00   0.078
 1817.00   0.078
 1818.00   0.078
 1819.00   0.121
 1820.00   0.121
 1821.00   0.121
 1822.00   0.121
 1823.00   0.000
 1824.00   0.122
 1825.00   0.000
 1826.00   0.122
 1827.00   0.122
 1828.00   0.328
 1829.00   0.083
 1830.00   0.083
 1831.00   0.327
 1832.00   0.083
 1833.00   0.083
 1834.00   0.056
 1835.00   0.056
 1836.00   0.056
 1837.00   0.057
 1838.00   0.000
 1839.00   0.057
 1840.00   0.299
 1841.00   0.057
 1842.00   0.057
 1843.00   0.057
 1844.00   0.057
 1845.00   0.057
 1846.00   0.057
 1847.00   0.057
 1848.00   0.058
 1849.00   0.058
 1850.00   0.298
 1851.00   0.058
 1852.00   0.058
 1853.00   0.058
 1854.00   0.058
 1855.00   0.058
 1856.00   0.058
 1857.00   0.058
 1858.00   0.000
 1859.00   0.034
 1860.00   0.034
 1861.00   0.034
 1862.00   0.035
 1863.00   0.035
 1864.00   0.035
 1865.00   0.000
 1866.00   0.035
 1867.00   0.035
 1868.00   0.272
 1869.00   0.272
 1870.00   0.035
 1871.00   0.272
 1872.00   0.035
 1873.00   0.272
 1874.00   0.508
 1875.00   0.272
 1876.00   0.035
 1877.00   0.508
 1878.00   0.272
 1879.00   0.035
 1880.00   0.036
 1881.00   0.036
 1882.00   0.272
 1883.00   0.036
 1884.00   0.036
 1885.00   0.271
 1886.00   0.507
 1887.00   0.248
 1888.00   0.012
 1889.00   0.248
 1890.00   0.013
 1891.00   0.013
 1892.00   0.248
 1893.00   0.013
 1894.00   0.248
 1895.00   0.013
 1896.00   0.248
 1897.00   0.013
 1898.00   0.000
 1899.00   0.000
 1900.00   0.203
 1901.00   0.000
 1902.00   0.203
 1903.00   0.203
 1904.00   0.203
 1905.00   0.177
 1906.00   0.000
 1907.00   0.177
 1908.00   0.000
 1909.00   0.879
 1910.00   0.412
 1911.00   0.881
 1912.00   0.178
 1913.00   0.178
 1914.00   0.413
 1915.00   0.178
 1916.00   0.178
 1917.00   0.178
 1918.00   0.000
 1919.00   0.000
 1920.00   0.183
 1921.00   0.000
 1922.00   0.000
 1923.00   0.183
 1924.00   0.000
 1925.00   0.000
 1926.00   0.000
 1927.00   0.183
 1928.00   0.000
 1929.00   0.416
 1930.00   0.183
 1931.00   0.000
 1932.00   0.000
 1933.00   0.000
 1934.00   0.000
 1935.00   0.415
 1936.00   0.182
 1937.00   0.182
 1938.00   0.000
 1939.00   0.882
 1940.00   0.182
 1941.00   0.182
 1942.00   0.000
 1943.00   0.182
 1944.00   0.000
 1945.00   0.182
 1946.00   0.124
 1947.00   0.124
 1948.00   0.122
 1949.00   0.122
 1950.00   0.000
 1951.00   0.355
 1952.00   0.356
 1953.00   0.590
 1954.00   0.590
 1955.00   0.123
 1956.00   0.123
 1957.00   0.123
 1958.00   0.000
 1959.00   0.000
 1960.00   0.590
 1961.00   0.123
 1962.00   0.000
 1963.00   0.123
 1964.00   0.000
 1965.00   0.123
 1966.00   0.123
 1967.00   0.000
 1968.00   0.000
 1969.00   0.000
 1970.00   0.000
 1971.00   0.000
 1972.00   0.000
 1973.00   0.000
 1974.00   0.000
 1975.00   0.122
 1976.00   0.000
 1977.00   0.101
 1978.00   0.000
 1979.00   0.114
 1980.00   0.000
 1981.00   0.000
 1982.00   0.000
 1983.00   0.114
 1984.00   0.000
 1985.00   0.000
 1986.00   0.000
 1987.00   0.113
 1988.00   0.113
 1989.00   0.000
 1990.00   0.113
 1991.00   0.000
 1992.00   0.000
 1993.00   0.000
 1994.00   0.113
 1995.00   0.000
 1996.00   0.113
 1997.00   0.000
 1998.00   0.113
 1999.00   0.000
 2000.00   0.000
 2001.00   0.000
 2002.00   0.000
 2003.00   0.113
 2004.00   0.000
 2005.00   0.000
 2006.00   0.000
 2007.00   0.112
 2008.00   0.000
 2009.00   0.000
 2010.00   0.000
 2011.00   0.000
 2012.00   0.000
 2013.00   0.000
 2014.00   0.142
 2015.00   0.000
 2016.00   0.142
 2017.00   0.000
 2018.00   0.000
 2019.00   0.000
 2020.00   0.000
 2021.00   0.000
 2022.00   0.142
 2023.00   0.000
 2024.00   0.000
 2025.00   0.000
 2026.00   0.000
 2027.00   0.000
 2028.00   0.000
 2029.00   0.000
 2030.00   0.000
 2031.00   0.000
 2032.00   0.000
 2033.00   0.000
 2034.00   0.000
 2035.00   0.000
 2036.00   0.000
 2037.00   0.000
 2038.00   0.000
 2039.00   0.000
 2040.00   0.000
 2041.00   0.000
 2042.00   0.000
 2043.00   0.000
 2044.00   0.000
 2045.00   0.000
 2046.00   0.163
 2047.00   0.000
 2048.00   0.000
 2049.00   0.000
 2050.00   0.000
 2051.00   0.000
 2052.00   0.000
 2053.00   0.000
 2054.00   0.000
 2055.00   0.000
 2056.00   0.000
 2057.00   0.000
 2058.00   0.000
 2059.00   0.000
 2060.00   0.000
 2061.00   0.000
 2062.00   0.000
 2063.00   0.000
 2064.00   0.000
 2065.00   0.000
 2066.00   0.000
 2067.00   0.000
 2068.00   0.000
 2069.00   0.000
 2070.00   0.000
 2071.00   0.019
 2072.00   0.020
 2073.00   0.020
 2074.00   0.020
 2075.00   0.020
 2076.00   0.020
 2077.00   0.020
 2078.00   0.000
 2079.00   0.000
 2080.00   0.000
 2081.00   0.000
 2082.00   0.038
 2083.00   0.038
 2084.00   0.038
 2085.00   0.000
 2086.00   0.038
 2087.00   0.038
 2088.00   0.039
 2089.00   0.039
 2090.00   0.039
 2091.00   0.062
 2092.00   0.062
 2093.00   0.062
 2094.00   0.062
 2095.00   0.062
 2096.00   0.062
 2097.00   0.000
 2098.00   0.062
 2099.00   0.062
 2100.00   0.062
 2101.00   0.065
 2102.00   0.065
 2103.00   0.065
 2104.00   0.000
 2105.00   0.065
 2106.00   0.065
 2107.00   0.065
 2108.00   0.065
 2109.00   0.000
 2110.00   0.065
 2111.00   0.065
 2112.00   0.065
 2113.00   0.000
 2114.00   0.065
 2115.00   0.065
 2116.00   0.066
 2117.00   0.066
 2118.00   0.000
 2119.00   0.066
 2120.00   0.066
 2121.00   0.271
 2122.00   0.066
 2123.00   0.066
 2124.00   0.066
 2125.00   0.066
 2126.00   0.066
 2127.00   0.066
 2128.00   0.066
 2129.00   0.000
 2130.00   0.066
 2131.00   0.066
 2132.00   0.063
 2133.00   0.063
 2134.00   0.041
 2135.00   0.041
 2136.00   0.041
 2137.00   0.041
 2138.00   0.041
 2139.00   0.041
 2140.00   0.000
 2141.00   0.041
 2142.00   0.041
 2143.00   0.042
 2144.00   0.042
 2145.00   0.042
 2146.00   0.042
 2147.00   0.042
 2148.00   0.042
 2149.00   0.038
 2150.00   0.038
 2151.00   0.038
 2152.00   0.038
 2153.00   0.000
 2154.00   0.038
 2155.00   0.000
 2156.00   0.038
 2157.00   0.038
 2158.00   0.038
 2159.00   0.038
 2160.00   0.038
 2161.00   0.000
 2162.00   0.029
 2163.00   0.038
 2164.00   0.038
 2165.00   0.000
 2166.00   0.038
 2167.00   0.039
 2168.00   0.039
 2169.00   0.039
 2170.00   0.000
 2171.00   0.039
 2172.00   0.039
 2173.00   0.039
 2174.00   0.039
 2175.00   0.039
 2176.00   0.039
 2177.00   0.039
 2178.00   0.000
 2179.00   0.039
 2180.00   0.039
 2181.00   0.039
 2182.00   0.039
 2183.00   0.000
 2184.00   0.040
 2185.00   0.040
 2186.00   0.040
 2187.00   0.040
 2188.00   0.040
 2189.00   0.040
 2190.00   0.040
 2191.00   0.040
 2192.00   0.000
