2016 a 2021 Edson_Queiroz
    JDAY     QOT
    ----    ----
    1.00    0.20
    2.00    0.20
    3.00    0.20
    4.00    0.20
    5.00    0.20
    6.00    0.20
    7.00    0.20
    8.00    0.20
    9.00    0.20
   10.00    0.20
   11.00    0.20
   12.00    0.20
   13.00    0.20
   14.00    0.20
   15.00    0.20
   16.00    0.20
   17.00    0.20
   18.00    0.20
   19.00    0.20
   20.00    0.20
   21.00    0.20
   22.00    0.20
   23.00    0.20
   24.00    0.20
   25.00    0.20
   26.00    0.20
   27.00    0.20
   28.00    0.20
   29.00    0.20
   30.00    0.20
   31.00    0.20
   32.00    0.20
   33.00    0.20
   34.00    0.20
   35.00    0.20
   36.00    0.20
   37.00    0.20
   38.00    0.20
   39.00    0.20
   40.00    0.20
   41.00    0.20
   42.00    0.20
   43.00    0.20
   44.00    0.20
   45.00    0.20
   46.00    0.20
   47.00    0.20
   48.00    0.20
   49.00    0.20
   50.00    0.20
   51.00    0.20
   52.00    0.20
   53.00    0.20
   54.00    0.20
   55.00    0.20
   56.00    0.20
   57.00    0.20
   58.00    0.20
   59.00    0.20
   60.00    0.20
   61.00    0.20
   62.00    0.20
   63.00    0.20
   64.00    0.20
   65.00    0.20
   66.00    0.20
   67.00    0.20
   68.00    0.20
   69.00    0.20
   70.00    0.20
   71.00    0.20
   72.00    0.20
   73.00    0.20
   74.00    0.20
   75.00    0.20
   76.00    0.20
   77.00    0.20
   78.00    0.20
   79.00    0.20
   80.00    0.20
   81.00    0.20
   82.00    0.20
   83.00    0.20
   84.00    0.20
   85.00    0.20
   86.00    0.20
   87.00    0.20
   88.00    0.20
   89.00    0.20
   90.00    0.20
   91.00    0.20
   92.00    0.20
   93.00    0.20
   94.00    0.20
   95.00    0.20
   96.00    0.20
   97.00    0.20
   98.00    0.20
   99.00    0.20
  100.00    0.20
  101.00    0.20
  102.00    0.20
  103.00    0.20
  104.00    0.20
  105.00    0.20
  106.00    0.20
  107.00    0.20
  108.00    0.20
  109.00    0.20
  110.00    0.20
  111.00    0.20
  112.00    0.20
  113.00    0.20
  114.00    0.20
  115.00    0.20
  116.00    0.20
  117.00    0.20
  118.00    0.20
  119.00    0.20
  120.00    0.20
  121.00    0.20
  122.00    0.20
  123.00    0.20
  124.00    0.20
  125.00    0.20
  126.00    0.20
  127.00    0.20
  128.00    0.20
  129.00    0.20
  130.00    0.20
  131.00    0.20
  132.00    0.20
  133.00    0.20
  134.00    0.20
  135.00    0.20
  136.00    0.20
  137.00    0.20
  138.00    0.20
  139.00    0.20
  140.00    0.20
  141.00    0.20
  142.00    0.20
  143.00    0.20
  144.00    0.20
  145.00    0.20
  146.00    0.20
  147.00    0.20
  148.00    0.20
  149.00    0.20
  150.00    0.20
  151.00    0.20
  152.00    0.20
  153.00    0.20
  154.00    0.20
  155.00    0.20
  156.00    0.20
  157.00    0.20
  158.00    0.20
  159.00    0.20
  160.00    0.20
  161.00    0.20
  162.00    0.20
  163.00    0.20
  164.00    0.20
  165.00    0.20
  166.00    0.20
  167.00    0.20
  168.00    0.20
  169.00    0.20
  170.00    0.20
  171.00    0.20
  172.00    0.20
  173.00    0.20
  174.00    0.26
  175.00    0.26
  176.00    0.26
  177.00    0.26
  178.00    0.26
  179.00    0.26
  180.00    0.26
  181.00    0.26
  182.00    0.26
  183.00    0.26
  184.00    0.26
  185.00    0.26
  186.00    0.26
  187.00    0.26
  188.00    0.26
  189.00    0.26
  190.00    0.26
  191.00    0.26
  192.00    0.26
  193.00    0.26
  194.00    0.26
  195.00    0.26
  196.00    0.26
  197.00    0.26
  198.00    0.26
  199.00    0.26
  200.00    0.26
  201.00    0.26
  202.00    0.26
  203.00    0.26
  204.00    0.26
  205.00    0.26
  206.00    0.26
  207.00    0.26
  208.00    0.26
  209.00    0.26
  210.00    0.26
  211.00    0.26
  212.00    0.26
  213.00    0.26
  214.00    0.26
  215.00    0.26
  216.00    0.26
  217.00    0.26
  218.00    0.26
  219.00    0.26
  220.00    0.26
  221.00    0.26
  222.00    0.26
  223.00    0.26
  224.00    0.26
  225.00    0.26
  226.00    0.26
  227.00    0.26
  228.00    0.26
  229.00    0.26
  230.00    0.26
  231.00    0.26
  232.00    0.26
  233.00    0.26
  234.00    0.26
  235.00    0.26
  236.00    0.26
  237.00    0.26
  238.00    0.26
  239.00    0.26
  240.00    0.26
  241.00    0.26
  242.00    0.26
  243.00    0.26
  244.00    0.26
  245.00    0.66
  246.00    0.66
  247.00    0.66
  248.00    0.66
  249.00    0.66
  250.00    0.66
  251.00    0.66
  252.00    0.66
  253.00    0.66
  254.00    0.66
  255.00    0.66
  256.00    0.66
  257.00    0.66
  258.00    0.66
  259.00    0.66
  260.00    0.66
  261.00    0.66
  262.00    0.66
  263.00    0.66
  264.00    0.26
  265.00    0.26
  266.00    0.26
  267.00    0.26
  268.00    0.26
  269.00    0.26
  270.00    0.26
  271.00    0.26
  272.00    0.26
  273.00    0.26
  274.00    0.26
  275.00    0.26
  276.00    0.26
  277.00    0.26
  278.00    0.26
  279.00    0.26
  280.00    0.26
  281.00    0.26
  282.00    0.26
  283.00    0.26
  284.00    0.26
  285.00    0.26
  286.00    0.26
  287.00    0.26
  288.00    0.26
  289.00    0.26
  290.00    0.26
  291.00    0.26
  292.00    0.26
  293.00    0.26
  294.00    0.26
  295.00    0.26
  296.00    0.26
  297.00    0.26
  298.00    0.26
  299.00    0.26
  300.00    0.26
  301.00    0.26
  302.00    0.26
  303.00    0.26
  304.00    0.26
  305.00    0.26
  306.00    0.26
  307.00    0.26
  308.00    0.26
  309.00    0.26
  310.00    0.26
  311.00    0.26
  312.00    0.26
  313.00    0.26
  314.00    0.26
  315.00    0.26
  316.00    0.26
  317.00    0.26
  318.00    0.26
  319.00    0.26
  320.00    0.26
  321.00    0.26
  322.00    0.26
  323.00    0.26
  324.00    0.26
  325.00    0.26
  326.00    0.26
  327.00    0.26
  328.00    0.26
  329.00    0.26
  330.00    0.26
  331.00    0.26
  332.00    0.26
  333.00    0.26
  334.00    0.26
  335.00    0.26
  336.00    0.26
  337.00    0.26
  338.00    0.26
  339.00    0.26
  340.00    0.26
  341.00    0.26
  342.00    0.26
  343.00    0.26
  344.00    0.26
  345.00    0.26
  346.00    0.26
  347.00    0.26
  348.00    0.26
  349.00    0.26
  350.00    0.26
  351.00    0.26
  352.00    0.26
  353.00    0.26
  354.00    0.26
  355.00    0.26
  356.00    0.26
  357.00    0.26
  358.00    0.26
  359.00    0.26
  360.00    0.26
  361.00    0.26
  362.00    0.26
  363.00    0.26
  364.00    0.26
  365.00    0.26
  366.00    0.26
  367.00    0.26
  368.00    0.26
  369.00    0.26
  370.00    0.26
  371.00    0.26
  372.00    0.26
  373.00    0.26
  374.00    0.26
  375.00    0.26
  376.00    0.26
  377.00    0.26
  378.00    0.26
  379.00    0.26
  380.00    0.26
  381.00    0.26
  382.00    0.26
  383.00    0.26
  384.00    0.26
  385.00    0.26
  386.00    0.26
  387.00    0.26
  388.00    0.26
  389.00    0.26
  390.00    0.26
  391.00    0.26
  392.00    0.26
  393.00    0.26
  394.00    0.26
  395.00    0.26
  396.00    0.26
  397.00    0.26
  398.00    0.26
  399.00    0.26
  400.00    0.26
  401.00    0.26
  402.00    0.26
  403.00    0.26
  404.00    0.26
  405.00    0.26
  406.00    0.26
  407.00    0.26
  408.00    0.26
  409.00    0.26
  410.00    0.26
  411.00    0.26
  412.00    0.26
  413.00    0.26
  414.00    0.26
  415.00    0.26
  416.00    0.26
  417.00    0.26
  418.00    0.26
  419.00    0.26
  420.00    0.26
  421.00    0.26
  422.00    0.26
  423.00    0.26
  424.00    0.26
  425.00    0.26
  426.00    0.26
  427.00    0.26
  428.00    0.26
  429.00    0.26
  430.00    0.26
  431.00    0.26
  432.00    0.26
  433.00    0.26
  434.00    0.26
  435.00    0.26
  436.00    0.26
  437.00    0.26
  438.00    0.26
  439.00    0.26
  440.00    0.26
  441.00    0.26
  442.00    0.26
  443.00    0.26
  444.00    0.26
  445.00    0.26
  446.00    0.26
  447.00    0.26
  448.00    0.26
  449.00    0.26
  450.00    0.26
  451.00    0.26
  452.00    0.26
  453.00    0.26
  454.00    0.26
  455.00    0.26
  456.00    0.26
  457.00    0.26
  458.00    0.26
  459.00    0.26
  460.00    0.26
  461.00    0.26
  462.00    0.26
  463.00    0.26
  464.00    0.26
  465.00    0.26
  466.00    0.26
  467.00    0.26
  468.00    0.26
  469.00    0.26
  470.00    0.26
  471.00    0.26
  472.00    0.26
  473.00    0.26
  474.00    0.26
  475.00    0.26
  476.00    0.26
  477.00    0.26
  478.00    0.26
  479.00    0.26
  480.00    0.26
  481.00    0.26
  482.00    0.26
  483.00    0.26
  484.00    0.26
  485.00    0.26
  486.00    0.26
  487.00    0.26
  488.00    0.26
  489.00    0.26
  490.00    0.26
  491.00    0.26
  492.00    0.26
  493.00    0.26
  494.00    0.26
  495.00    0.26
  496.00    0.26
  497.00    0.26
  498.00    0.26
  499.00    0.26
  500.00    0.26
  501.00    0.26
  502.00    0.26
  503.00    0.26
  504.00    0.26
  505.00    0.26
  506.00    0.26
  507.00    0.26
  508.00    0.26
  509.00    0.26
  510.00    0.26
  511.00    0.26
  512.00    0.26
  513.00    0.26
  514.00    0.26
  515.00    0.26
  516.00    0.26
  517.00    0.26
  518.00    0.26
  519.00    0.26
  520.00    0.26
  521.00    0.26
  522.00    0.26
  523.00    0.26
  524.00    0.26
  525.00    0.26
  526.00    0.26
  527.00    0.26
  528.00    0.26
  529.00    0.26
  530.00    0.26
  531.00    0.26
  532.00    0.26
  533.00    0.26
  534.00    0.26
  535.00    0.26
  536.00    0.26
  537.00    0.26
  538.00    0.26
  539.00    0.26
  540.00    0.26
  541.00    0.26
  542.00    0.26
  543.00    0.26
  544.00    0.26
  545.00    0.26
  546.00    0.26
  547.00    0.26
  548.00    0.26
  549.00    0.26
  550.00    0.26
  551.00    0.26
  552.00    0.26
  553.00    0.26
  554.00    0.26
  555.00    0.26
  556.00    0.26
  557.00    0.26
  558.00    0.26
  559.00    0.26
  560.00    0.26
  561.00    0.26
  562.00    0.26
  563.00    0.26
  564.00    1.43
  565.00    1.43
  566.00    1.43
  567.00    1.43
  568.00    1.43
  569.00    1.43
  570.00    1.43
  571.00    1.43
  572.00    1.43
  573.00    1.43
  574.00    1.43
  575.00    1.43
  576.00    1.43
  577.00    1.43
  578.00    1.43
  579.00    1.43
  580.00    1.43
  581.00    0.39
  582.00    0.39
  583.00    0.39
  584.00    0.39
  585.00    0.39
  586.00    0.39
  587.00    0.39
  588.00    0.39
  589.00    0.39
  590.00    0.39
  591.00    0.39
  592.00    0.39
  593.00    0.00
  594.00    0.00
  595.00    0.00
  596.00    0.00
  597.00    0.00
  598.00    0.00
  599.00    0.00
  600.00    0.00
  601.00    1.46
  602.00    1.46
  603.00    1.33
  604.00    1.33
  605.00    1.33
  606.00    1.33
  607.00    1.33
  608.00    1.33
  609.00    1.33
  610.00    1.33
  611.00    1.33
  612.00    1.33
  613.00    1.33
  614.00    1.33
  615.00    1.33
  616.00    1.33
  617.00    1.33
  618.00    1.33
  619.00    1.33
  620.00    1.33
  621.00    1.33
  622.00    0.79
  623.00    0.79
  624.00    0.79
  625.00    0.79
  626.00    0.79
  627.00    0.79
  628.00    0.79
  629.00    1.48
  630.00    1.48
  631.00    1.48
  632.00    1.48
  633.00    1.48
  634.00    1.48
  635.00    1.23
  636.00    0.39
  637.00    0.39
  638.00    0.39
  639.00    0.39
  640.00    0.39
  641.00    0.39
  642.00    0.39
  643.00    0.39
  644.00    0.39
  645.00    0.39
  646.00    0.39
  647.00    0.39
  648.00    0.39
  649.00    1.36
  650.00    1.36
  651.00    1.36
  652.00    1.36
  653.00    1.36
  654.00    1.36
  655.00    1.36
  656.00    0.76
  657.00    0.76
  658.00    0.76
  659.00    0.68
  660.00    0.68
  661.00    0.68
  662.00    0.68
  663.00    0.68
  664.00    0.68
  665.00    0.68
  666.00    0.68
  667.00    0.68
  668.00    0.68
  669.00    0.74
  670.00    0.74
  671.00    0.74
  672.00    0.74
  673.00    0.74
  674.00    0.74
  675.00    0.74
  676.00    0.74
  677.00    0.74
  678.00    0.74
  679.00    0.74
  680.00    0.74
  681.00    0.74
  682.00    0.74
  683.00    0.74
  684.00    0.74
  685.00    0.74
  686.00    0.74
  687.00    0.74
  688.00    0.74
  689.00    0.74
  690.00    0.74
  691.00    0.74
  692.00    0.74
  693.00    0.74
  694.00    0.74
  695.00    0.74
  696.00    0.74
  697.00    0.74
  698.00    0.74
  699.00    0.74
  700.00    0.74
  701.00    0.74
  702.00    0.74
  703.00    0.74
  704.00    0.74
  705.00    0.74
  706.00    0.74
  707.00    0.74
  708.00    0.74
  709.00    0.74
  710.00    0.74
  711.00    0.74
  712.00    0.74
  713.00    0.74
  714.00    0.74
  715.00    0.74
  716.00    0.74
  717.00    0.74
  718.00    0.74
  719.00    0.74
  720.00    0.74
  721.00    0.74
  722.00    0.74
  723.00    0.74
  724.00    0.74
  725.00    0.74
  726.00    0.74
  727.00    0.74
  728.00    0.74
  729.00    0.74
  730.00    0.74
  731.00    0.74
  732.00    0.74
  733.00    0.74
  734.00    0.74
  735.00    0.74
  736.00    0.74
  737.00    0.74
  738.00    0.74
  739.00    0.74
  740.00    0.74
  741.00    0.74
  742.00    0.74
  743.00    0.74
  744.00    0.74
  745.00    0.74
  746.00    0.74
  747.00    0.74
  748.00    0.74
  749.00    0.74
  750.00    0.74
  751.00    0.74
  752.00    0.74
  753.00    0.74
  754.00    0.74
  755.00    0.74
  756.00    0.74
  757.00    0.74
  758.00    0.74
  759.00    0.74
  760.00    0.74
  761.00    0.74
  762.00    0.74
  763.00    0.39
  764.00    0.39
  765.00    0.39
  766.00    0.39
  767.00    0.39
  768.00    0.39
  769.00    0.39
  770.00    0.39
  771.00    0.39
  772.00    0.39
  773.00    0.39
  774.00    0.39
  775.00    0.39
  776.00    0.39
  777.00    0.39
  778.00    0.39
  779.00    0.39
  780.00    0.39
  781.00    0.39
  782.00    0.39
  783.00    0.39
  784.00    0.39
  785.00    0.39
  786.00    0.39
  787.00    0.39
  788.00    0.39
  789.00    0.39
  790.00    0.35
  791.00    0.35
  792.00    0.35
  793.00    0.35
  794.00    0.35
  795.00    0.35
  796.00    0.35
  797.00    0.35
  798.00    0.35
  799.00    0.35
  800.00    0.35
  801.00    0.35
  802.00    0.35
  803.00    0.35
  804.00    0.35
  805.00    0.35
  806.00    0.35
  807.00    0.35
  808.00    0.35
  809.00    0.35
  810.00    0.35
  811.00    0.35
  812.00    0.35
  813.00    0.35
  814.00    0.35
  815.00    0.35
  816.00    0.35
  817.00    0.35
  818.00    0.35
  819.00    0.35
  820.00    0.35
  821.00    0.35
  822.00    0.35
  823.00    0.35
  824.00    0.35
  825.00    0.35
  826.00    0.35
  827.00    0.35
  828.00    0.35
  829.00    0.35
  830.00    0.35
  831.00    0.35
  832.00    0.35
  833.00    0.35
  834.00    0.35
  835.00    0.35
  836.00    0.35
  837.00    0.35
  838.00    0.35
  839.00    0.30
  840.00    0.30
  841.00    0.30
  842.00    0.30
  843.00    0.30
  844.00    0.30
  845.00    0.30
  846.00    0.30
  847.00    0.30
  848.00    0.30
  849.00    0.30
  850.00    0.30
  851.00    0.30
  852.00    0.30
  853.00    0.30
  854.00    0.30
  855.00    0.30
  856.00    0.30
  857.00    0.30
  858.00    0.30
  859.00    0.30
  860.00    0.30
  861.00    0.30
  862.00    0.30
  863.00    0.30
  864.00    0.30
  865.00    0.30
  866.00    0.30
  867.00    0.30
  868.00    0.30
  869.00    0.30
  870.00    0.30
  871.00    0.30
  872.00    0.30
  873.00    0.30
  874.00    0.30
  875.00    0.30
  876.00    0.30
  877.00    0.30
  878.00    0.30
  879.00    0.30
  880.00    0.30
  881.00    0.30
  882.00    0.30
  883.00    0.30
  884.00    0.30
  885.00    0.30
  886.00    0.30
  887.00    0.30
  888.00    0.30
  889.00    0.30
  890.00    0.30
  891.00    0.30
  892.00    0.30
  893.00    0.30
  894.00    0.30
  895.00    0.30
  896.00    0.30
  897.00    0.30
  898.00    0.30
  899.00    0.30
  900.00    0.30
  901.00    0.30
  902.00    0.30
  903.00    1.02
  904.00    1.02
  905.00    1.02
  906.00    1.02
  907.00    1.02
  908.00    1.02
  909.00    1.02
  910.00    1.02
  911.00    1.02
  912.00    1.02
  913.00    1.02
  914.00    1.02
  915.00    0.39
  916.00    0.39
  917.00    0.39
  918.00    0.39
  919.00    0.39
  920.00    0.39
  921.00    0.39
  922.00    0.39
  923.00    0.39
  924.00    0.39
  925.00    0.39
  926.00    0.39
  927.00    0.39
  928.00    0.39
  929.00    0.39
  930.00    0.39
  931.00    0.39
  932.00    0.39
  933.00    0.39
  934.00    0.39
  935.00    0.39
  936.00    0.39
  937.00    0.39
  938.00    0.39
  939.00    0.39
  940.00    0.39
  941.00    0.39
  942.00    0.39
  943.00    0.39
  944.00    0.39
  945.00    0.39
  946.00    0.39
  947.00    0.39
  948.00    0.39
  949.00    0.39
  950.00    0.39
  951.00    0.39
  952.00    0.39
  953.00    0.39
  954.00    0.39
  955.00    0.39
  956.00    0.39
  957.00    0.39
  958.00    0.39
  959.00    0.79
  960.00    0.79
  961.00    0.79
  962.00    0.79
  963.00    0.79
  964.00    0.79
  965.00    0.79
  966.00    0.79
  967.00    0.79
  968.00    0.79
  969.00    0.39
  970.00    0.39
  971.00    0.39
  972.00    0.39
  973.00    0.39
  974.00    0.39
  975.00    0.99
  976.00    0.99
  977.00    0.99
  978.00    0.99
  979.00    0.99
  980.00    0.99
  981.00    0.99
  982.00    0.99
  983.00    0.99
  984.00    0.99
  985.00    0.99
  986.00    0.99
  987.00    0.99
  988.00    1.15
  989.00    1.15
  990.00    1.15
  991.00    1.15
  992.00    1.15
  993.00    1.15
  994.00    1.15
  995.00    1.15
  996.00    1.15
  997.00    1.15
  998.00    1.15
  999.00    1.15
 1000.00    1.15
 1001.00    1.15
 1002.00    0.96
 1003.00    0.96
 1004.00    0.96
 1005.00    0.96
 1006.00    0.96
 1007.00    0.96
 1008.00    0.96
 1009.00    0.96
 1010.00    0.96
 1011.00    0.96
 1012.00    0.96
 1013.00    0.96
 1014.00    0.96
 1015.00    0.96
 1016.00    0.96
 1017.00    1.04
 1018.00    1.04
 1019.00    1.04
 1020.00    1.04
 1021.00    1.04
 1022.00    1.04
 1023.00    1.04
 1024.00    1.04
 1025.00    1.04
 1026.00    1.04
 1027.00    1.04
 1028.00    1.04
 1029.00    1.04
 1030.00    1.04
 1031.00    1.04
 1032.00    1.04
 1033.00    1.04
 1034.00    1.04
 1035.00    1.04
 1036.00    1.04
 1037.00    1.04
 1038.00    1.04
 1039.00    1.04
 1040.00    1.04
 1041.00    1.04
 1042.00    1.04
 1043.00    1.04
 1044.00    1.04
 1045.00    1.04
 1046.00    1.04
 1047.00    1.04
 1048.00    1.00
 1049.00    1.00
 1050.00    1.00
 1051.00    1.00
 1052.00    1.00
 1053.00    1.00
 1054.00    1.00
 1055.00    1.00
 1056.00    1.00
 1057.00    1.00
 1058.00    1.00
 1059.00    1.00
 1060.00    1.00
 1061.00    1.00
 1062.00    1.00
 1063.00    0.79
 1064.00    0.79
 1065.00    0.79
 1066.00    0.79
 1067.00    0.79
 1068.00    0.79
 1069.00    0.79
 1070.00    1.12
 1071.00    1.12
 1072.00    1.12
 1073.00    1.12
 1074.00    1.12
 1075.00    1.12
 1076.00    1.12
 1077.00    1.12
 1078.00    1.12
 1079.00    1.12
 1080.00    1.12
 1081.00    1.06
 1082.00    1.06
 1083.00    1.06
 1084.00    0.39
 1085.00    0.39
 1086.00    0.39
 1087.00    0.39
 1088.00    0.39
 1089.00    0.39
 1090.00    0.39
 1091.00    0.39
 1092.00    0.39
 1093.00    0.39
 1094.00    0.39
 1095.00    0.39
 1096.00    0.39
 1097.00    0.39
 1098.00    0.39
 1099.00    0.39
 1100.00    0.39
 1101.00    0.39
 1102.00    0.39
 1103.00    0.39
 1104.00    0.39
 1105.00    0.39
 1106.00    0.39
 1107.00    0.39
 1108.00    0.39
 1109.00    0.39
 1110.00    0.39
 1111.00    0.39
 1112.00    0.39
 1113.00    0.39
 1114.00    0.39
 1115.00    0.39
 1116.00    0.39
 1117.00    0.39
 1118.00    0.39
 1119.00    0.39
 1120.00    0.46
 1121.00    0.46
 1122.00    0.46
 1123.00    0.46
 1124.00    0.46
 1125.00    0.46
 1126.00    0.46
 1127.00    0.46
 1128.00    0.46
 1129.00    0.46
 1130.00    0.46
 1131.00    0.46
 1132.00    0.46
 1133.00    0.46
 1134.00    0.46
 1135.00    0.46
 1136.00    0.46
 1137.00    0.46
 1138.00    0.46
 1139.00    0.46
 1140.00    0.46
 1141.00    0.46
 1142.00    0.46
 1143.00    0.46
 1144.00    0.46
 1145.00    0.46
 1146.00    0.46
 1147.00    0.46
 1148.00    0.46
 1149.00    0.46
 1150.00    0.46
 1151.00    0.46
 1152.00    0.46
 1153.00    0.46
 1154.00    0.46
 1155.00    0.46
 1156.00    0.46
 1157.00    0.46
 1158.00    0.46
 1159.00    0.46
 1160.00    0.46
 1161.00    0.35
 1162.00    0.35
 1163.00    0.35
 1164.00    0.35
 1165.00    0.35
 1166.00    0.35
 1167.00    0.35
 1168.00    0.35
 1169.00    0.35
 1170.00    0.35
 1171.00    0.35
 1172.00    0.35
 1173.00    0.35
 1174.00    0.35
 1175.00    0.35
 1176.00    0.35
 1177.00    0.35
 1178.00    0.35
 1179.00    0.35
 1180.00    0.35
 1181.00    0.35
 1182.00    0.35
 1183.00    0.35
 1184.00    0.35
 1185.00    0.35
 1186.00    0.35
 1187.00    0.35
 1188.00    0.35
 1189.00    0.35
 1190.00    0.35
 1191.00    0.35
 1192.00    0.35
 1193.00    0.35
 1194.00    0.35
 1195.00    0.35
 1196.00    0.35
 1197.00    0.35
 1198.00    0.35
 1199.00    0.35
 1200.00    0.35
 1201.00    0.35
 1202.00    0.35
 1203.00    0.35
 1204.00    0.35
 1205.00    0.35
 1206.00    0.35
 1207.00    0.35
 1208.00    0.35
 1209.00    0.35
 1210.00    0.35
 1211.00    0.35
 1212.00    0.35
 1213.00    0.35
 1214.00    0.35
 1215.00    0.35
 1216.00    0.35
 1217.00    0.35
 1218.00    0.35
 1219.00    0.35
 1220.00    0.35
 1221.00    0.35
 1222.00    0.35
 1223.00    0.35
 1224.00    0.35
 1225.00    0.35
 1226.00    0.35
 1227.00    0.35
 1228.00    0.35
 1229.00    0.35
 1230.00    0.35
 1231.00    0.35
 1232.00    0.35
 1233.00    0.35
 1234.00    0.35
 1235.00    0.35
 1236.00    0.35
 1237.00    0.35
 1238.00    0.35
 1239.00    0.35
 1240.00    0.35
 1241.00    0.35
 1242.00    0.35
 1243.00    0.35
 1244.00    0.35
 1245.00    0.35
 1246.00    0.35
 1247.00    0.35
 1248.00    0.35
 1249.00    0.35
 1250.00    0.35
 1251.00    0.35
 1252.00    0.35
 1253.00    0.35
 1254.00    0.35
 1255.00    0.35
 1256.00    0.35
 1257.00    0.35
 1258.00    0.35
 1259.00    0.35
 1260.00    0.35
 1261.00    0.35
 1262.00    0.35
 1263.00    0.35
 1264.00    0.35
 1265.00    0.35
 1266.00    0.00
 1267.00    0.00
 1268.00    0.38
 1269.00    0.38
 1270.00    0.38
 1271.00    0.38
 1272.00    0.38
 1273.00    0.38
 1274.00    0.38
 1275.00    0.38
 1276.00    0.38
 1277.00    0.38
 1278.00    0.38
 1279.00    0.38
 1280.00    0.38
 1281.00    0.38
 1282.00    0.38
 1283.00    0.38
 1284.00    0.38
 1285.00    0.38
 1286.00    0.38
 1287.00    0.38
 1288.00    0.38
 1289.00    0.38
 1290.00    0.38
 1291.00    0.38
 1292.00    0.38
 1293.00    0.38
 1294.00    0.38
 1295.00    0.38
 1296.00    0.38
 1297.00    0.38
 1298.00    0.38
 1299.00    0.38
 1300.00    0.38
 1301.00    0.38
 1302.00    0.38
 1303.00    0.38
 1304.00    0.38
 1305.00    0.38
 1306.00    0.38
 1307.00    0.38
 1308.00    0.38
 1309.00    0.38
 1310.00    0.38
 1311.00    0.38
 1312.00    0.38
 1313.00    0.38
 1314.00    0.38
 1315.00    0.38
 1316.00    0.38
 1317.00    0.38
 1318.00    0.38
 1319.00    0.38
 1320.00    0.38
 1321.00    0.38
 1322.00    0.38
 1323.00    0.38
 1324.00    0.05
 1325.00    0.05
 1326.00    0.41
 1327.00    0.41
 1328.00    0.41
 1329.00    0.41
 1330.00    0.41
 1331.00    0.41
 1332.00    0.41
 1333.00    0.41
 1334.00    0.41
 1335.00    0.41
 1336.00    0.41
 1337.00    0.41
 1338.00    0.50
 1339.00    0.50
 1340.00    0.50
 1341.00    0.50
 1342.00    0.50
 1343.00    0.50
 1344.00    0.50
 1345.00    0.50
 1346.00    0.50
 1347.00    0.50
 1348.00    0.50
 1349.00    0.50
 1350.00    0.50
 1351.00    0.50
 1352.00    0.50
 1353.00    0.50
 1354.00    0.50
 1355.00    0.48
 1356.00    0.48
 1357.00    0.05
 1358.00    0.05
 1359.00    0.05
 1360.00    0.05
 1361.00    0.88
 1362.00    0.88
 1363.00    0.88
 1364.00    0.88
 1365.00    0.88
 1366.00    0.88
 1367.00    0.88
 1368.00    0.88
 1369.00    0.88
 1370.00    1.18
 1371.00    1.18
 1372.00    1.18
 1373.00    1.18
 1374.00    1.18
 1375.00    0.20
 1376.00    0.20
 1377.00    0.20
 1378.00    0.20
 1379.00    0.20
 1380.00    0.20
 1381.00    0.20
 1382.00    0.20
 1383.00    0.20
 1384.00    1.26
 1385.00    1.26
 1386.00    1.26
 1387.00    1.26
 1388.00    1.26
 1389.00    1.26
 1390.00    1.26
 1391.00    1.26
 1392.00    1.26
 1393.00    1.26
 1394.00    1.26
 1395.00    1.26
 1396.00    1.26
 1397.00    1.33
 1398.00    1.33
 1399.00    1.33
 1400.00    1.33
 1401.00    1.33
 1402.00    1.33
 1403.00    1.33
 1404.00    1.33
 1405.00    1.33
 1406.00    1.33
 1407.00    1.33
 1408.00    1.33
 1409.00    1.33
 1410.00    1.33
 1411.00    0.05
 1412.00    1.82
 1413.00    1.82
 1414.00    1.82
 1415.00    1.82
 1416.00    1.82
 1417.00    1.27
 1418.00    1.27
 1419.00    1.27
 1420.00    1.27
 1421.00    1.27
 1422.00    1.27
 1423.00    1.27
 1424.00    1.27
 1425.00    1.27
 1426.00    1.33
 1427.00    1.33
 1428.00    1.33
 1429.00    1.33
 1430.00    1.33
 1431.00    1.33
 1432.00    1.33
 1433.00    1.33
 1434.00    1.33
 1435.00    1.33
 1436.00    1.33
 1437.00    1.33
 1438.00    1.33
 1439.00    1.33
 1440.00    1.33
 1441.00    1.33
 1442.00    0.88
 1443.00    0.88
 1444.00    0.88
 1445.00    0.88
 1446.00    0.88
 1447.00    0.88
 1448.00    0.88
 1449.00    0.10
 1450.00    0.10
 1451.00    0.10
 1452.00    0.10
 1453.00    0.10
 1454.00    0.10
 1455.00    0.10
 1456.00    0.10
 1457.00    1.28
 1458.00    1.28
 1459.00    1.28
 1460.00    0.05
 1461.00    0.05
 1462.00    0.05
 1463.00    0.05
 1464.00    0.05
 1465.00    0.05
 1466.00    0.05
 1467.00    0.05
 1468.00    0.05
 1469.00    0.05
 1470.00    0.05
 1471.00    0.05
 1472.00    0.05
 1473.00    0.05
 1474.00    0.05
 1475.00    0.05
 1476.00    0.05
 1477.00    0.05
 1478.00    0.05
 1479.00    0.05
 1480.00    0.05
 1481.00    0.05
 1482.00    0.05
 1483.00    0.05
 1484.00    0.05
 1485.00    0.05
 1486.00    0.05
 1487.00    0.05
 1488.00    0.05
 1489.00    0.05
 1490.00    0.05
 1491.00    0.05
 1492.00    0.05
 1493.00    0.70
 1494.00    0.70
 1495.00    0.70
 1496.00    0.70
 1497.00    0.70
 1498.00    0.70
 1499.00    0.70
 1500.00    0.70
 1501.00    0.70
 1502.00    0.70
 1503.00    0.70
 1504.00    0.70
 1505.00    0.70
 1506.00    0.70
 1507.00    0.70
 1508.00    0.70
 1509.00    0.35
 1510.00    0.35
 1511.00    0.35
 1512.00    0.35
 1513.00    0.35
 1514.00    0.35
 1515.00    0.35
 1516.00    0.35
 1517.00    0.35
 1518.00    0.35
 1519.00    0.35
 1520.00    0.35
 1521.00    0.35
 1522.00    0.35
 1523.00    0.35
 1524.00    0.35
 1525.00    0.35
 1526.00    0.35
 1527.00    0.35
 1528.00    0.35
 1529.00    0.35
 1530.00    0.35
 1531.00    0.35
 1532.00    0.35
 1533.00    0.35
 1534.00    0.35
 1535.00    0.35
 1536.00    0.35
 1537.00    0.35
 1538.00    0.35
 1539.00    0.35
 1540.00    0.35
 1541.00    0.35
 1542.00    0.35
 1543.00    0.35
 1544.00    0.35
 1545.00    0.35
 1546.00    0.35
 1547.00    0.35
 1548.00    0.35
 1549.00    0.35
 1550.00    0.35
 1551.00    0.35
 1552.00    0.35
 1553.00    0.35
 1554.00    0.35
 1555.00    0.35
 1556.00    0.35
 1557.00    0.35
 1558.00    0.35
 1559.00    0.35
 1560.00    0.35
 1561.00    0.35
 1562.00    0.35
 1563.00    0.35
 1564.00    0.35
 1565.00    0.35
 1566.00    0.35
 1567.00    0.35
 1568.00    0.35
 1569.00    0.35
 1570.00    0.35
 1571.00    0.35
 1572.00    0.35
 1573.00    0.35
 1574.00    0.35
 1575.00    0.35
 1576.00    0.35
 1577.00    0.35
 1578.00    0.35
 1579.00    0.35
 1580.00    0.35
 1581.00    0.35
 1582.00    0.35
 1583.00    0.35
 1584.00    0.35
 1585.00    0.35
 1586.00    0.35
 1587.00    0.35
 1588.00    0.35
 1589.00    0.35
 1590.00    0.35
 1591.00    0.35
 1592.00    0.35
 1593.00    0.35
 1594.00    0.35
 1595.00    0.35
 1596.00    0.35
 1597.00    0.35
 1598.00    0.35
 1599.00    0.35
 1600.00    0.35
 1601.00    0.35
 1602.00    0.35
 1603.00    0.35
 1604.00    0.35
 1605.00    0.35
 1606.00    0.35
 1607.00    0.35
 1608.00    0.35
 1609.00    0.35
 1610.00    0.35
 1611.00    0.35
 1612.00    0.35
 1613.00    0.35
 1614.00    0.35
 1615.00    0.35
 1616.00    0.35
 1617.00    0.35
 1618.00    0.35
 1619.00    0.35
 1620.00    0.35
 1621.00    0.35
 1622.00    0.35
 1623.00    0.35
 1624.00    0.35
 1625.00    0.35
 1626.00    0.35
 1627.00    0.35
 1628.00    0.35
 1629.00    0.35
 1630.00    0.35
 1631.00    0.35
 1632.00    0.35
 1633.00    0.35
 1634.00    0.35
 1635.00    0.35
 1636.00    0.35
 1637.00    0.35
 1638.00    0.35
 1639.00    0.35
 1640.00    0.35
 1641.00    0.35
 1642.00    0.35
 1643.00    0.35
 1644.00    0.35
 1645.00    0.35
 1646.00    0.35
 1647.00    0.35
 1648.00    0.35
 1649.00    0.35
 1650.00    0.35
 1651.00    0.35
 1652.00    0.35
 1653.00    0.35
 1654.00    0.35
 1655.00    0.35
 1656.00    0.35
 1657.00    0.35
 1658.00    0.35
 1659.00    0.35
 1660.00    0.35
 1661.00    0.35
 1662.00    0.35
 1663.00    0.35
 1664.00    0.35
 1665.00    0.35
 1666.00    0.35
 1667.00    0.35
 1668.00    0.35
 1669.00    0.35
 1670.00    0.35
 1671.00    0.35
 1672.00    0.35
 1673.00    0.35
 1674.00    0.35
 1675.00    0.35
 1676.00    0.35
 1677.00    0.35
 1678.00    0.35
 1679.00    1.01
 1680.00    1.18
 1681.00    1.18
 1682.00    1.18
 1683.00    1.18
 1684.00    1.18
 1685.00    1.18
 1686.00    1.18
 1687.00    1.18
 1688.00    1.18
 1689.00    1.18
 1690.00    1.18
 1691.00    1.13
 1692.00    1.13
 1693.00    1.13
 1694.00    1.13
 1695.00    1.13
 1696.00    1.13
 1697.00    1.13
 1698.00    1.13
 1699.00    1.13
 1700.00    1.13
 1701.00    1.13
 1702.00    1.13
 1703.00    1.13
 1704.00    1.13
 1705.00    1.13
 1706.00    1.36
 1707.00    1.36
 1708.00    1.36
 1709.00    1.36
 1710.00    1.36
 1711.00    1.36
 1712.00    1.36
 1713.00    1.36
 1714.00    1.36
 1715.00    0.20
 1716.00    0.20
 1717.00    0.20
 1718.00    0.20
 1719.00    0.20
 1720.00    0.20
 1721.00    0.20
 1722.00    0.20
 1723.00    1.19
 1724.00    1.19
 1725.00    1.19
 1726.00    1.19
 1727.00    1.19
 1728.00    1.19
 1729.00    1.19
 1730.00    1.19
 1731.00    1.19
 1732.00    1.19
 1733.00    1.19
 1734.00    1.19
 1735.00    1.19
 1736.00    1.19
 1737.00    1.19
 1738.00    1.31
 1739.00    1.31
 1740.00    1.31
 1741.00    1.31
 1742.00    1.31
 1743.00    1.31
 1744.00    1.31
 1745.00    1.31
 1746.00    1.31
 1747.00    1.31
 1748.00    1.31
 1749.00    1.31
 1750.00    1.31
 1751.00    1.31
 1752.00    1.31
 1753.00    1.29
 1754.00    1.29
 1755.00    1.29
 1756.00    1.29
 1757.00    1.29
 1758.00    1.29
 1759.00    1.29
 1760.00    1.29
 1761.00    1.29
 1762.00    1.29
 1763.00    1.29
 1764.00    1.29
 1765.00    1.29
 1766.00    1.29
 1767.00    1.29
 1768.00    1.29
 1769.00    1.29
 1770.00    1.29
 1771.00    1.29
 1772.00    1.29
 1773.00    1.29
 1774.00    1.29
 1775.00    1.29
 1776.00    1.29
 1777.00    1.29
 1778.00    1.29
 1779.00    1.29
 1780.00    1.29
 1781.00    1.29
 1782.00    1.29
 1783.00    1.29
 1784.00    1.29
 1785.00    1.29
 1786.00    1.29
 1787.00    1.29
 1788.00    1.29
 1789.00    1.52
 1790.00    1.52
 1791.00    1.52
 1792.00    1.52
 1793.00    1.52
 1794.00    1.52
 1795.00    1.52
 1796.00    1.52
 1797.00    1.52
 1798.00    1.52
 1799.00    1.52
 1800.00    1.52
 1801.00    1.52
 1802.00    1.52
 1803.00    1.23
 1804.00    1.23
 1805.00    1.23
 1806.00    1.23
 1807.00    1.23
 1808.00    1.23
 1809.00    1.23
 1810.00    1.23
 1811.00    1.23
 1812.00    1.23
 1813.00    1.23
 1814.00    1.23
 1815.00    1.23
 1816.00    1.23
 1817.00    1.23
 1818.00    1.23
 1819.00    1.56
 1820.00    1.56
 1821.00    1.56
 1822.00    1.56
 1823.00    1.56
 1824.00    1.56
 1825.00    1.56
 1826.00    1.56
 1827.00    1.56
 1828.00    1.56
 1829.00    1.56
 1830.00    1.56
 1831.00    1.56
 1832.00    1.56
 1833.00    1.56
 1834.00    1.35
 1835.00    1.35
 1836.00    1.35
 1837.00    1.35
 1838.00    1.35
 1839.00    1.35
 1840.00    1.35
 1841.00    1.35
 1842.00    1.35
 1843.00    1.35
 1844.00    1.35
 1845.00    1.35
 1846.00    1.35
 1847.00    1.35
 1848.00    1.35
 1849.00    1.35
 1850.00    1.35
 1851.00    1.35
 1852.00    1.35
 1853.00    1.35
 1854.00    1.35
 1855.00    1.35
 1856.00    1.35
 1857.00    1.35
 1858.00    1.35
 1859.00    1.35
 1860.00    1.35
 1861.00    1.35
 1862.00    1.35
 1863.00    1.35
 1864.00    1.35
 1865.00    1.35
 1866.00    1.35
 1867.00    1.35
 1868.00    1.35
 1869.00    1.35
 1870.00    1.35
 1871.00    1.35
 1872.00    1.35
 1873.00    1.35
 1874.00    1.35
 1875.00    1.35
 1876.00    1.35
 1877.00    1.35
 1878.00    1.35
 1879.00    1.35
 1880.00    1.35
 1881.00    1.35
 1882.00    1.35
 1883.00    1.35
 1884.00    1.35
 1885.00    1.35
 1886.00    1.35
 1887.00    1.35
 1888.00    1.35
 1889.00    1.35
 1890.00    1.35
 1891.00    1.35
 1892.00    1.35
 1893.00    1.35
 1894.00    1.35
 1895.00    1.35
 1896.00    1.35
 1897.00    1.35
 1898.00    1.01
 1899.00    1.01
 1900.00    1.01
 1901.00    1.01
 1902.00    1.01
 1903.00    1.01
 1904.00    1.01
 1905.00    0.81
 1906.00    0.81
 1907.00    0.81
 1908.00    0.81
 1909.00    0.81
 1910.00    0.81
 1911.00    0.81
 1912.00    0.81
 1913.00    0.81
 1914.00    0.81
 1915.00    0.81
 1916.00    0.81
 1917.00    0.81
 1918.00    0.81
 1919.00    0.81
 1920.00    0.81
 1921.00    0.81
 1922.00    0.81
 1923.00    0.81
 1924.00    0.81
 1925.00    0.81
 1926.00    0.81
 1927.00    0.81
 1928.00    0.81
 1929.00    0.81
 1930.00    0.81
 1931.00    0.81
 1932.00    0.81
 1933.00    0.81
 1934.00    0.81
 1935.00    0.81
 1936.00    0.81
 1937.00    0.81
 1938.00    0.81
 1939.00    0.81
 1940.00    0.81
 1941.00    0.81
 1942.00    0.81
 1943.00    0.81
 1944.00    0.81
 1945.00    0.81
 1946.00    0.36
 1947.00    0.36
 1948.00    0.36
 1949.00    0.36
 1950.00    0.36
 1951.00    0.36
 1952.00    0.36
 1953.00    0.36
 1954.00    0.36
 1955.00    0.36
 1956.00    0.36
 1957.00    0.36
 1958.00    0.36
 1959.00    0.36
 1960.00    0.36
 1961.00    0.36
 1962.00    0.36
 1963.00    0.36
 1964.00    0.36
 1965.00    0.36
 1966.00    0.36
 1967.00    0.36
 1968.00    0.36
 1969.00    0.36
 1970.00    0.36
 1971.00    0.36
 1972.00    0.36
 1973.00    0.36
 1974.00    0.36
 1975.00    0.36
 1976.00    0.20
 1977.00    0.20
 1978.00    0.20
 1979.00    0.20
 1980.00    0.20
 1981.00    0.20
 1982.00    0.20
 1983.00    0.20
 1984.00    0.20
 1985.00    0.20
 1986.00    0.20
 1987.00    0.20
 1988.00    0.20
 1989.00    0.20
 1990.00    0.20
 1991.00    0.20
 1992.00    0.20
 1993.00    0.20
 1994.00    0.20
 1995.00    0.20
 1996.00    0.20
 1997.00    0.20
 1998.00    0.20
 1999.00    0.20
 2000.00    0.20
 2001.00    0.20
 2002.00    0.20
 2003.00    0.20
 2004.00    0.20
 2005.00    0.20
 2006.00    0.20
 2007.00    0.20
 2008.00    0.20
 2009.00    0.20
 2010.00    0.20
 2011.00    0.20
 2012.00    0.20
 2013.00    0.20
 2014.00    0.20
 2015.00    0.20
 2016.00    0.20
 2017.00    0.20
 2018.00    0.20
 2019.00    0.20
 2020.00    0.20
 2021.00    0.20
 2022.00    0.20
 2023.00    0.20
 2024.00    0.20
 2025.00    0.20
 2026.00    0.20
 2027.00    0.20
 2028.00    0.20
 2029.00    0.20
 2030.00    0.20
 2031.00    0.20
 2032.00    0.20
 2033.00    0.20
 2034.00    0.20
 2035.00    0.20
 2036.00    0.20
 2037.00    0.20
 2038.00    0.20
 2039.00    0.20
 2040.00    0.20
 2041.00    0.20
 2042.00    0.20
 2043.00    0.20
 2044.00    0.20
 2045.00    0.20
 2046.00    0.20
 2047.00    0.20
 2048.00    0.56
 2049.00    0.56
 2050.00    0.56
 2051.00    0.56
 2052.00    0.20
 2053.00    0.20
 2054.00    0.20
 2055.00    0.20
 2056.00    0.15
 2057.00    0.15
 2058.00    0.15
 2059.00    0.15
 2060.00    0.15
 2061.00    0.15
 2062.00    0.62
 2063.00    0.62
 2064.00    0.62
 2065.00    0.62
 2066.00    0.62
 2067.00    0.62
 2068.00    0.62
 2069.00    0.62
 2070.00    0.62
 2071.00    0.62
 2072.00    0.62
 2073.00    0.62
 2074.00    0.62
 2075.00    0.62
 2076.00    0.62
 2077.00    0.62
 2078.00    0.45
 2079.00    0.45
 2080.00    0.45
 2081.00    0.45
 2082.00    0.76
 2083.00    0.76
 2084.00    0.76
 2085.00    0.76
 2086.00    0.76
 2087.00    0.76
 2088.00    0.76
 2089.00    0.76
 2090.00    0.76
 2091.00    0.94
 2092.00    0.94
 2093.00    0.94
 2094.00    0.94
 2095.00    0.94
 2096.00    0.94
 2097.00    0.94
 2098.00    0.94
 2099.00    0.94
 2100.00    0.94
 2101.00    0.94
 2102.00    0.94
 2103.00    0.94
 2104.00    0.94
 2105.00    0.94
 2106.00    0.94
 2107.00    0.94
 2108.00    0.94
 2109.00    0.94
 2110.00    0.94
 2111.00    0.94
 2112.00    0.94
 2113.00    0.94
 2114.00    0.94
 2115.00    0.94
 2116.00    0.94
 2117.00    0.94
 2118.00    0.94
 2119.00    0.94
 2120.00    0.94
 2121.00    0.94
 2122.00    0.94
 2123.00    0.94
 2124.00    0.94
 2125.00    0.94
 2126.00    0.94
 2127.00    0.94
 2128.00    0.94
 2129.00    0.94
 2130.00    0.94
 2131.00    0.94
 2132.00    0.94
 2133.00    0.94
 2134.00    0.77
 2135.00    0.77
 2136.00    0.77
 2137.00    0.77
 2138.00    0.77
 2139.00    0.77
 2140.00    0.77
 2141.00    0.77
 2142.00    0.77
 2143.00    0.77
 2144.00    0.77
 2145.00    0.77
 2146.00    0.77
 2147.00    0.77
 2148.00    0.77
 2149.00    0.74
 2150.00    0.74
 2151.00    0.74
 2152.00    0.74
 2153.00    0.74
 2154.00    0.74
 2155.00    0.74
 2156.00    0.74
 2157.00    0.74
 2158.00    0.74
 2159.00    0.74
 2160.00    0.74
 2161.00    0.74
 2162.00    0.74
 2163.00    0.81
 2164.00    0.81
 2165.00    0.81
 2166.00    0.81
 2167.00    0.81
 2168.00    0.81
 2169.00    0.81
 2170.00    0.81
 2171.00    0.81
 2172.00    0.81
 2173.00    0.81
 2174.00    0.81
 2175.00    0.81
 2176.00    0.81
 2177.00    0.81
 2178.00    0.81
 2179.00    0.81
 2180.00    0.81
 2181.00    0.81
 2182.00    0.81
 2183.00    0.81
 2184.00    0.81
 2185.00    0.81
 2186.00    0.81
 2187.00    0.81
 2188.00    0.81
 2189.00    0.81
 2190.00    0.81
 2191.00    0.81
 2192.00    0.82
 2193.00    0.82
 2194.00    0.82
 2195.00    0.82
 2196.00    0.82
 2197.00    0.82
 2198.00    0.82
 2199.00    0.82
 2200.00    0.82
 2201.00    0.82
 2202.00    0.82
 2203.00    0.82
 2204.00    0.82
 2205.00    0.82
 2206.00    0.82
 2207.00    0.76
 2208.00    0.76
 2209.00    0.76
 2210.00    0.76
 2211.00    0.76
 2212.00    0.76
 2213.00    0.76
 2214.00    0.76
 2215.00    0.76
 2216.00    0.76
 2217.00    0.76
 2218.00    0.76
 2219.00    0.76
 2220.00    0.74
 2221.00    0.74
 2222.00    0.74
 2223.00    0.74
 2224.00    0.74
 2225.00    0.74
 2226.00    0.74
 2227.00    0.74
 2228.00    0.74
 2229.00    0.74
