2016 a 2021 , Edson Queiroz
JDAY    QOT
----    ----
    1.00    0.42
    2.00    0.35
    3.00    0.42
    4.00    0.42
    5.00    0.42
    6.00    0.35
    7.00    0.42
    8.00    0.54
    9.00    0.35
   10.00    0.35
   11.00    0.35
   12.00    0.42
   13.00    0.35
   14.00    0.35
   15.00    0.42
   16.00    0.35
   17.00    0.35
   18.00    0.35
   19.00    0.42
   20.00    0.35
   21.00    0.35
   22.00    0.35
   23.00    0.35
   24.00    0.35
   25.00    0.35
   26.00    0.35
   27.00    0.35
   28.00    0.35
   29.00    0.35
   30.00    0.35
   31.00    0.35
   32.00    0.35
   33.00    0.35
   34.00    0.35
   35.00    0.35
   36.00    0.35
   37.00    0.35
   38.00    0.58
   39.00    0.35
   40.00    0.35
   41.00    0.46
   42.00    0.46
   43.00    0.35
   44.00    0.35
   45.00    0.46
   46.00    0.46
   47.00    0.35
   48.00    0.46
   49.00    0.58
   50.00    0.46
   51.00    0.46
   52.00    0.46
   53.00    0.46
   54.00    0.35
   55.00    0.35
   56.00    0.58
   57.00    0.35
   58.00    0.47
   59.00    0.47
   60.00    0.47
   61.00    0.35
   62.00    0.55
   63.00    0.55
   64.00    0.67
   65.00    0.55
   66.00    0.35
   67.00    0.55
   68.00    0.55
   69.00    0.55
   70.00    0.35
   71.00    0.35
   72.00    0.67
   73.00    0.35
   74.00    0.35
   75.00    0.55
   76.00    0.55
   77.00    0.56
   78.00    0.35
   79.00    0.56
   80.00    0.56
   81.00    0.67
   82.00    0.35
   83.00    0.56
   84.00    0.56
   85.00    0.56
   86.00    0.56
   87.00    0.56
   88.00    0.35
   89.00    0.35
   90.00    0.35
   91.00    0.35
   92.00    0.35
   93.00    0.35
   94.00    0.35
   95.00    0.35
   96.00    0.35
   97.00    0.35
   98.00    0.35
   99.00    0.35
  100.00    0.35
  101.00    0.35
  102.00    0.35
  103.00    0.35
  104.00    0.35
  105.00    0.35
  106.00    0.35
  107.00    0.35
  108.00    0.52
  109.00    0.35
  110.00    0.35
  111.00    0.52
  112.00    0.35
  113.00    0.35
  114.00    0.52
  115.00    0.35
  116.00    0.52
  117.00    0.64
  118.00    0.52
  119.00    0.52
  120.00    0.52
  121.00    0.52
  122.00    0.35
  123.00    0.35
  124.00    0.35
  125.00    0.35
  126.00    0.53
  127.00    0.53
  128.00    0.35
  129.00    0.64
  130.00    0.35
  131.00    0.64
  132.00    0.35
  133.00    0.53
  134.00    0.35
  135.00    0.53
  136.00    0.35
  137.00    0.53
  138.00    0.53
  139.00    0.35
  140.00    0.65
  141.00    0.53
  142.00    0.35
  143.00    0.53
  144.00    0.53
  145.00    0.53
  146.00    0.35
  147.00    0.53
  148.00    0.65
  149.00    0.35
  150.00    0.53
  151.00    0.35
  152.00    0.35
  153.00    0.35
  154.00    0.49
  155.00    0.35
  156.00    0.49
  157.00    0.35
  158.00    0.49
  159.00    0.49
  160.00    0.60
  161.00    0.49
  162.00    0.35
  163.00    0.49
  164.00    0.35
  165.00    0.49
  166.00    0.49
  167.00    0.49
  168.00    0.35
  169.00    0.61
  170.00    0.49
  171.00    0.49
  172.00    0.49
  173.00    0.35
  174.00    0.49
  175.00    0.61
  176.00    0.49
  177.00    0.35
  178.00    0.50
  179.00    0.50
  180.00    0.50
  181.00    0.50
  182.00    0.61
  183.00    0.39
  184.00    0.39
  185.00    0.39
  186.00    0.39
  187.00    0.39
  188.00    0.51
  189.00    0.39
  190.00    0.27
  191.00    0.27
  192.00    0.39
  193.00    0.39
  194.00    0.39
  195.00    0.27
  196.00    0.39
  197.00    0.51
  198.00    0.39
  199.00    0.39
  200.00    0.27
  201.00    0.40
  202.00    0.27
  203.00    0.40
  204.00    0.40
  205.00    0.51
  206.00    0.40
  207.00    0.40
  208.00    0.40
  209.00    0.40
  210.00    0.52
  211.00    0.27
  212.00    0.40
  213.00    0.40
  214.00    0.32
  215.00    0.32
  216.00    0.32
  217.00    0.43
  218.00    0.32
  219.00    1.13
  220.00    0.27
  221.00    0.32
  222.00    0.44
  223.00    0.32
  224.00    0.32
  225.00    0.33
  226.00    0.33
  227.00    0.33
  228.00    0.44
  229.00    0.33
  230.00    0.33
  231.00    1.14
  232.00    0.27
  233.00    0.45
  234.00    0.33
  235.00    0.27
  236.00    0.33
  237.00    0.33
  238.00    0.34
  239.00    0.34
  240.00    0.45
  241.00    0.34
  242.00    0.34
  243.00    0.34
  244.00    0.34
  245.00    0.27
  246.00    0.38
  247.00    0.27
  248.00    0.27
  249.00    0.27
  250.00    0.27
  251.00    0.39
  252.00    0.27
  253.00    0.28
  254.00    0.28
  255.00    0.28
  256.00    0.28
  257.00    0.39
  258.00    0.28
  259.00    0.28
  260.00    0.28
  261.00    0.28
  262.00    0.40
  263.00    0.28
  264.00    0.29
  265.00    0.29
  266.00    0.29
  267.00    0.29
  268.00    0.41
  269.00    0.29
  270.00    0.29
  271.00    0.29
  272.00    0.29
  273.00    0.41
  274.00    0.30
  275.00    0.29
  276.00    0.29
  277.00    0.29
  278.00    0.29
  279.00    0.41
  280.00    0.29
  281.00    0.29
  282.00    0.30
  283.00    0.30
  284.00    0.41
  285.00    0.30
  286.00    0.30
  287.00    0.30
  288.00    0.30
  289.00    0.30
  290.00    0.42
  291.00    0.30
  292.00    0.30
  293.00    0.31
  294.00    0.31
  295.00    0.31
  296.00    0.42
  297.00    0.31
  298.00    0.31
  299.00    0.31
  300.00    0.31
  301.00    0.43
  302.00    0.31
  303.00    0.32
  304.00    0.32
  305.00    0.32
  306.00    0.33
  307.00    0.45
  308.00    0.33
  309.00    0.33
  310.00    0.33
  311.00    0.33
  312.00    0.45
  313.00    0.34
  314.00    0.34
  315.00    0.34
  316.00    0.34
  317.00    0.34
  318.00    0.46
  319.00    0.34
  320.00    0.34
  321.00    1.73
  322.00    0.27
  323.00    0.27
  324.00    0.27
  325.00    0.27
  326.00    0.27
  327.00    0.27
  328.00    0.27
  329.00    0.27
  330.00    0.27
  331.00    0.27
  332.00    0.27
  333.00    0.27
  334.00    0.27
  335.00    0.27
  336.00    0.27
  337.00    0.27
  338.00    0.27
  339.00    0.27
  340.00    0.27
  341.00    0.27
  342.00    0.27
  343.00    0.27
  344.00    0.27
  345.00    0.27
  346.00    0.27
  347.00    0.27
  348.00    0.27
  349.00    0.27
  350.00    0.27
  351.00    0.27
  352.00    0.27
  353.00    0.27
  354.00    0.27
  355.00    0.27
  356.00    0.27
  357.00    0.27
  358.00    0.27
  359.00    0.27
  360.00    0.27
  361.00    0.27
  362.00    0.27
  363.00    0.27
  364.00    0.27
  365.00    0.27
  366.00    0.27
  367.00    0.27
  368.00    0.27
  369.00    0.27
  370.00    0.27
  371.00    0.27
  372.00    0.27
  373.00    0.27
  374.00    0.27
  375.00    0.27
  376.00    0.27
  377.00    0.27
  378.00    0.27
  379.00    0.27
  380.00    0.27
  381.00    0.27
  382.00    0.27
  383.00    0.27
  384.00    0.27
  385.00    0.27
  386.00    0.27
  387.00    0.27
  388.00    0.27
  389.00    0.27
  390.00    0.27
  391.00    0.27
  392.00    0.27
  393.00    0.27
  394.00    0.27
  395.00    0.27
  396.00    0.27
  397.00    0.27
  398.00    0.27
  399.00    0.27
  400.00    0.27
  401.00    0.27
  402.00    0.27
  403.00    0.27
  404.00    0.27
  405.00    0.27
  406.00    0.27
  407.00    0.27
  408.00    0.27
  409.00    0.27
  410.00    0.27
  411.00    0.27
  412.00    0.27
  413.00    0.27
  414.00    0.27
  415.00    0.27
  416.00    0.27
  417.00    0.27
  418.00    0.27
  419.00    0.54
  420.00    0.27
  421.00    0.27
  422.00    0.27
  423.00    0.27
  424.00    0.27
  425.00    0.27
  426.00    0.27
  427.00    0.27
  428.00    0.27
  429.00    0.27
  430.00    0.27
  431.00    0.27
  432.00    0.27
  433.00    0.27
  434.00    0.27
  435.00    0.27
  436.00    0.27
  437.00    0.27
  438.00    0.27
  439.00    0.27
  440.00    0.27
  441.00    0.27
  442.00    0.27
  443.00    0.27
  444.00    0.27
  445.00    0.27
  446.00    0.27
  447.00    0.27
  448.00    0.27
  449.00    0.27
  450.00    0.27
  451.00    0.27
  452.00    0.27
  453.00    0.27
  454.00    0.27
  455.00    0.27
  456.00    0.27
  457.00    0.27
  458.00    0.27
  459.00    0.27
  460.00    0.27
  461.00    0.27
  462.00    0.27
  463.00    0.27
  464.00    0.27
  465.00    0.27
  466.00    0.27
  467.00    0.27
  468.00    0.27
  469.00    0.27
  470.00    0.27
  471.00    0.27
  472.00    0.27
  473.00    0.27
  474.00    0.27
  475.00    0.27
  476.00    0.27
  477.00    0.27
  478.00    0.27
  479.00    0.27
  480.00    0.27
  481.00    0.27
  482.00    0.27
  483.00    0.27
  484.00    0.27
  485.00    0.86
  486.00    0.27
  487.00    0.27
  488.00    0.27
  489.00    0.27
  490.00    0.27
  491.00    0.27
  492.00    0.27
  493.00    0.87
  494.00    0.27
  495.00    0.27
  496.00    0.87
  497.00    0.27
  498.00    0.98
  499.00    0.27
  500.00    0.27
  501.00    0.87
  502.00    0.27
  503.00    0.87
  504.00    0.27
  505.00    0.87
  506.00    0.27
  507.00    0.99
  508.00    0.87
  509.00    0.87
  510.00    0.99
  511.00    0.87
  512.00    0.27
  513.00    0.87
  514.00    0.27
  515.00    0.27
  516.00    0.27
  517.00    0.27
  518.00    0.79
  519.00    0.79
  520.00    0.27
  521.00    0.90
  522.00    2.18
  523.00    0.27
  524.00    0.90
  525.00    0.79
  526.00    0.27
  527.00    0.79
  528.00    0.27
  529.00    0.27
  530.00    0.79
  531.00    0.27
  532.00    0.91
  533.00    0.27
  534.00    0.79
  535.00    0.27
  536.00    0.79
  537.00    0.27
  538.00    0.91
  539.00    0.27
  540.00    0.79
  541.00    0.79
  542.00    0.79
  543.00    0.91
  544.00    0.80
  545.00    0.80
  546.00    0.27
  547.00    0.80
  548.00    0.70
  549.00    0.59
  550.00    0.59
  551.00    0.27
  552.00    0.27
  553.00    2.09
  554.00    0.59
  555.00    0.27
  556.00    0.59
  557.00    0.27
  558.00    0.27
  559.00    0.71
  560.00    0.27
  561.00    0.27
  562.00    0.59
  563.00    0.59
  564.00    1.43
  565.00    1.43
  566.00    1.43
  567.00    1.43
  568.00    1.43
  569.00    1.43
  570.00    1.43
  571.00    1.43
  572.00    1.43
  573.00    1.43
  574.00    1.43
  575.00    1.99
  576.00    1.43
  577.00    1.43
  578.00    1.43
  579.00    1.43
  580.00    1.43
  581.00    1.43
  582.00    1.43
  583.00    1.95
  584.00    1.43
  585.00    1.95
  586.00    1.43
  587.00    1.96
  588.00    1.43
  589.00    1.84
  590.00    1.43
  591.00    1.43
  592.00    1.96
  593.00    1.43
  594.00    1.85
  595.00    0.58
  596.00    1.85
  597.00    0.47
  598.00    0.58
  599.00    1.86
  600.00    0.59
  601.00    1.46
  602.00    1.86
  603.00    1.33
  604.00    1.33
  605.00    1.98
  606.00    1.33
  607.00    1.33
  608.00    1.98
  609.00    1.33
  610.00    1.85
  611.00    1.73
  612.00    1.33
  613.00    1.85
  614.00    1.33
  615.00    3.24
  616.00    3.25
  617.00    1.75
  618.00    1.33
  619.00    3.25
  620.00    1.33
  621.00    1.75
  622.00    1.87
  623.00    1.87
  624.00    1.33
  625.00    1.76
  626.00    1.33
  627.00    1.77
  628.00    1.88
  629.00    1.77
  630.00    1.89
  631.00    1.78
  632.00    3.28
  633.00    1.48
  634.00    1.78
  635.00    1.90
  636.00    1.23
  637.00    1.91
  638.00    1.79
  639.00    1.91
  640.00    1.78
  641.00    1.90
  642.00    1.79
  643.00    1.90
  644.00    1.79
  645.00    1.91
  646.00    1.91
  647.00    1.80
  648.00    1.92
  649.00    1.80
  650.00    1.36
  651.00    1.81
  652.00    1.93
  653.00    1.81
  654.00    1.93
  655.00    3.32
  656.00    0.76
  657.00    0.76
  658.00    0.76
  659.00    0.68
  660.00    0.68
  661.00    0.68
  662.00    0.68
  663.00    1.83
  664.00    0.68
  665.00    0.68
  666.00    3.34
  667.00    0.68
  668.00    0.68
  669.00    0.74
  670.00    0.74
  671.00    0.74
  672.00    0.74
  673.00    1.98
  674.00    0.74
  675.00    1.99
  676.00    0.74
  677.00    0.74
  678.00    1.99
  679.00    1.30
  680.00    0.74
  681.00    0.74
  682.00    0.74
  683.00    0.74
  684.00    0.74
  685.00    0.74
  686.00    0.74
  687.00    0.74
  688.00    0.74
  689.00    0.74
  690.00    0.74
  691.00    0.74
  692.00    0.74
  693.00    0.74
  694.00    0.74
  695.00    0.74
  696.00    0.74
  697.00    0.74
  698.00    0.74
  699.00    0.74
  700.00    0.74
  701.00    0.74
  702.00    0.80
  703.00    0.80
  704.00    0.74
  705.00    0.74
  706.00    0.74
  707.00    0.74
  708.00    0.74
  709.00    0.74
  710.00    0.74
  711.00    0.74
  712.00    0.74
  713.00    0.74
  714.00    0.93
  715.00    0.74
  716.00    0.81
  717.00    0.74
  718.00    0.74
  719.00    0.74
  720.00    0.74
  721.00    0.74
  722.00    0.74
  723.00    0.74
  724.00    0.74
  725.00    0.74
  726.00    0.74
  727.00    0.74
  728.00    0.74
  729.00    0.74
  730.00    0.74
  731.00    0.74
  732.00    0.74
  733.00    0.74
  734.00    0.74
  735.00    0.74
  736.00    1.02
  737.00    0.74
  738.00    0.74
  739.00    0.74
  740.00    1.14
  741.00    0.74
  742.00    0.74
  743.00    0.74
  744.00    0.74
  745.00    0.74
  746.00    0.74
  747.00    1.02
  748.00    0.74
  749.00    0.74
  750.00    0.74
  751.00    1.03
  752.00    0.74
  753.00    0.74
  754.00    0.74
  755.00    0.74
  756.00    0.74
  757.00    0.74
  758.00    0.74
  759.00    0.74
  760.00    0.74
  761.00    0.74
  762.00    0.74
  763.00    0.74
  764.00    0.74
  765.00    0.74
  766.00    0.74
  767.00    0.74
  768.00    1.15
  769.00    0.74
  770.00    0.74
  771.00    0.74
  772.00    0.74
  773.00    0.74
  774.00    0.74
  775.00    0.74
  776.00    0.74
  777.00    0.74
  778.00    0.74
  779.00    0.74
  780.00    0.74
  781.00    0.74
  782.00    0.74
  783.00    0.74
  784.00    0.74
  785.00    0.74
  786.00    0.74
  787.00    0.74
  788.00    0.74
  789.00    0.74
  790.00    0.35
  791.00    0.35
  792.00    0.35
  793.00    0.35
  794.00    0.35
  795.00    0.35
  796.00    0.44
  797.00    0.55
  798.00    0.35
  799.00    0.44
  800.00    0.35
  801.00    0.44
  802.00    0.35
  803.00    0.35
  804.00    0.44
  805.00    0.35
  806.00    0.35
  807.00    0.44
  808.00    0.35
  809.00    0.35
  810.00    0.55
  811.00    0.35
  812.00    0.44
  813.00    0.35
  814.00    0.44
  815.00    0.44
  816.00    0.35
  817.00    0.35
  818.00    0.35
  819.00    0.35
  820.00    0.35
  821.00    0.35
  822.00    0.35
  823.00    0.35
  824.00    0.41
  825.00    0.35
  826.00    0.35
  827.00    0.35
  828.00    0.35
  829.00    0.35
  830.00    0.35
  831.00    0.35
  832.00    0.35
  833.00    0.35
  834.00    0.35
  835.00    9.42
  836.00    0.35
  837.00    0.35
  838.00    0.35
  839.00    0.30
  840.00    0.30
  841.00    0.30
  842.00    0.30
  843.00    0.30
  844.00    0.30
  845.00    0.30
  846.00    0.30
  847.00    0.30
  848.00    0.30
  849.00    0.93
  850.00    0.30
  851.00    0.30
  852.00    0.30
  853.00    0.30
  854.00    0.30
  855.00    0.30
  856.00    0.30
  857.00    0.94
  858.00    0.30
  859.00    0.30
  860.00    0.30
  861.00    0.30
  862.00    0.30
  863.00    0.83
  864.00    0.30
  865.00    0.30
  866.00    0.94
  867.00    0.30
  868.00    2.22
  869.00    0.94
  870.00    0.30
  871.00    0.83
  872.00    0.30
  873.00    0.83
  874.00    0.30
  875.00    0.83
  876.00    0.30
  877.00    0.95
  878.00    0.83
  879.00    0.30
  880.00    0.83
  881.00    0.95
  882.00    0.83
  883.00    0.30
  884.00    0.74
  885.00    0.30
  886.00    0.74
  887.00    0.85
  888.00    0.30
  889.00    0.74
  890.00    0.74
  891.00    0.30
  892.00    0.74
  893.00    0.30
  894.00    0.86
  895.00    0.74
  896.00    0.30
  897.00    0.74
  898.00    0.86
  899.00    0.30
  900.00    0.74
  901.00    0.74
  902.00    1.02
  903.00    1.02
  904.00    1.02
  905.00    1.02
  906.00    1.02
  907.00    1.02
  908.00    1.02
  909.00    1.02
  910.00    2.25
  911.00    1.02
  912.00    1.02
  913.00    1.91
  914.00    1.02
  915.00    1.02
  916.00    1.02
  917.00    1.02
  918.00    1.02
  919.00    1.02
  920.00    1.02
  921.00    1.02
  922.00    1.02
  923.00    1.02
  924.00    1.02
  925.00    1.02
  926.00    1.02
  927.00    1.02
  928.00    1.02
  929.00    1.02
  930.00    1.02
  931.00    1.02
  932.00    1.02
  933.00    1.02
  934.00    2.04
  935.00    1.02
  936.00    1.02
  937.00    1.02
  938.00    1.02
  939.00    2.05
  940.00    1.02
  941.00    1.02
  942.00    1.02
  943.00    1.02
  944.00    1.02
  945.00    1.02
  946.00    1.88
  947.00    1.02
  948.00    1.88
  949.00    1.02
  950.00    1.02
  951.00    1.88
  952.00    1.02
  953.00    1.02
  954.00    1.02
  955.00    1.02
  956.00    1.89
  957.00    1.02
  958.00    1.02
  959.00    1.02
  960.00    1.02
  961.00    1.02
  962.00    1.02
  963.00    1.78
  964.00    1.02
  965.00    1.02
  966.00    1.90
  967.00    1.02
  968.00    1.02
  969.00    1.02
  970.00    1.02
  971.00    1.79
  972.00    1.02
  973.00    1.00
  974.00    1.00
  975.00    1.00
  976.00    1.00
  977.00    1.00
  978.00    1.00
  979.00    1.00
  980.00    1.76
  981.00    1.00
  982.00    1.00
  983.00    1.00
  984.00    1.00
  985.00    1.65
  986.00    1.15
  987.00    1.66
  988.00    1.15
  989.00    1.15
  990.00    1.15
  991.00    1.78
  992.00    1.15
  993.00    1.78
  994.00    1.15
  995.00    1.67
  996.00    1.15
  997.00    1.15
  998.00    1.15
  999.00    1.79
 1000.00    0.97
 1001.00    0.97
 1002.00    3.18
 1003.00    0.97
 1004.00    0.97
 1005.00    1.67
 1006.00    0.97
 1007.00    1.67
 1008.00    0.97
 1009.00    1.79
 1010.00    0.97
 1011.00    1.79
 1012.00    0.97
 1013.00    1.04
 1014.00    1.80
 1015.00    1.04
 1016.00    1.80
 1017.00    1.04
 1018.00    1.80
 1019.00    1.04
 1020.00    1.04
 1021.00    1.04
 1022.00    1.81
 1023.00    1.04
 1024.00    1.81
 1025.00    1.04
 1026.00    1.04
 1027.00    1.04
 1028.00    1.04
 1029.00    1.70
 1030.00    1.04
 1031.00    1.04
 1032.00    1.71
 1033.00    1.04
 1034.00    1.04
 1035.00    1.83
 1036.00    1.04
 1037.00    1.74
 1038.00    1.86
 1039.00    1.04
 1040.00    1.86
 1041.00    1.04
 1042.00    1.04
 1043.00    1.00
 1044.00    1.00
 1045.00    1.00
 1046.00    1.00
 1047.00    1.00
 1048.00    1.76
 1049.00    1.87
 1050.00    1.76
 1051.00    1.00
 1052.00    1.00
 1053.00    1.00
 1054.00    1.88
 1055.00    1.00
 1056.00    1.00
 1057.00    1.00
 1058.00    1.00
 1059.00    1.77
 1060.00    1.00
 1061.00    1.00
 1062.00    1.00
 1063.00    1.00
 1064.00    1.00
 1065.00    1.13
 1066.00    1.13
 1067.00    1.13
 1068.00    1.85
 1069.00    1.13
 1070.00    1.13
 1071.00    1.13
 1072.00    1.13
 1073.00    1.13
 1074.00    1.13
 1075.00    1.13
 1076.00    1.06
 1077.00    1.06
 1078.00    1.06
 1079.00    1.06
 1080.00    1.06
 1081.00    1.06
 1082.00    1.06
 1083.00    1.06
 1084.00    1.06
 1085.00    1.06
 1086.00    1.06
 1087.00    1.06
 1088.00    1.98
 1089.00    1.06
 1090.00    1.06
 1091.00    1.99
 1092.00    1.06
 1093.00    1.06
 1094.00    1.06
 1095.00    1.06
 1096.00    1.06
 1097.00    1.06
 1098.00    1.06
 1099.00    1.06
 1100.00    1.06
 1101.00    1.06
 1102.00    1.06
 1103.00    1.06
 1104.00    1.06
 1105.00    1.06
 1106.00    1.06
 1107.00    1.06
 1108.00    1.06
 1109.00    1.06
 1110.00    1.06
 1111.00    1.06
 1112.00    1.06
 1113.00    1.06
 1114.00    0.46
 1115.00    0.46
 1116.00    0.71
 1117.00    0.46
 1118.00    0.71
 1119.00    0.46
 1120.00    0.83
 1121.00    0.46
 1122.00    0.71
 1123.00    0.71
 1124.00    0.46
 1125.00    0.71
 1126.00    0.83
 1127.00    0.72
 1128.00    0.46
 1129.00    0.85
 1130.00    0.46
 1131.00    0.46
 1132.00    0.46
 1133.00    0.46
 1134.00    0.46
 1135.00    0.46
 1136.00    0.85
 1137.00    0.85
 1138.00    0.46
 1139.00    0.46
 1140.00    0.46
 1141.00    0.46
 1142.00    0.46
 1143.00    0.46
 1144.00    0.46
 1145.00    0.46
 1146.00    0.46
 1147.00    0.46
 1148.00    0.46
 1149.00    0.46
 1150.00    0.46
 1151.00    0.85
 1152.00    0.46
 1153.00    0.46
 1154.00    0.96
 1155.00    0.35
 1156.00    0.98
 1157.00    0.35
 1158.00    0.35
 1159.00    0.35
 1160.00    0.35
 1161.00    0.35
 1162.00    0.35
 1163.00    0.35
 1164.00    0.35
 1165.00    0.35
 1166.00    0.35
 1167.00    0.98
 1168.00    0.35
 1169.00    0.35
 1170.00    0.35
 1171.00    0.35
 1172.00    0.35
 1173.00    0.35
 1174.00    0.35
 1175.00    0.35
 1176.00    0.35
 1177.00    0.35
 1178.00    0.35
 1179.00    0.35
 1180.00    0.35
 1181.00    0.35
 1182.00    0.35
 1183.00    0.35
 1184.00    0.35
 1185.00    0.35
 1186.00    0.35
 1187.00    0.35
 1188.00    0.35
 1189.00    0.35
 1190.00    0.35
 1191.00    0.35
 1192.00    0.35
 1193.00    0.35
 1194.00    0.35
 1195.00    0.35
 1196.00    0.35
 1197.00    0.35
 1198.00    0.35
 1199.00    0.35
 1200.00    0.35
 1201.00    0.35
 1202.00    0.35
 1203.00    0.35
 1204.00    0.35
 1205.00    0.35
 1206.00    0.35
 1207.00    0.35
 1208.00    0.35
 1209.00    0.35
 1210.00    0.35
 1211.00    0.35
 1212.00    0.35
 1213.00    0.35
 1214.00    0.35
 1215.00    0.35
 1216.00    0.35
 1217.00    0.35
 1218.00    0.35
 1219.00    0.35
 1220.00    0.35
 1221.00    0.35
 1222.00    0.35
 1223.00    0.35
 1224.00    0.35
 1225.00    0.35
 1226.00    0.35
 1227.00    0.35
 1228.00    0.35
 1229.00    0.35
 1230.00    0.35
 1231.00    0.35
 1232.00    0.35
 1233.00    0.35
 1234.00    0.35
 1235.00    0.35
 1236.00    0.35
 1237.00    0.35
 1238.00    0.35
 1239.00    0.35
 1240.00    0.35
 1241.00    0.35
 1242.00    1.52
 1243.00    0.35
 1244.00    0.35
 1245.00    1.52
 1246.00    0.35
 1247.00    0.35
 1248.00    1.52
 1249.00    0.35
 1250.00    1.41
 1251.00    0.35
 1252.00    1.52
 1253.00    1.41
 1254.00    1.41
 1255.00    0.35
 1256.00    1.52
 1257.00    1.41
 1258.00    1.53
 1259.00    0.72
 1260.00    0.72
 1261.00    1.41
 1262.00    0.72
 1263.00    1.41
 1264.00    0.72
 1265.00    1.53
 1266.00    0.72
 1267.00    1.41
 1268.00    0.72
 1269.00    0.72
 1270.00    1.41
 1271.00    1.53
 1272.00    1.42
 1273.00    0.72
 1274.00    1.53
 1275.00    1.42
 1276.00    1.42
 1277.00    0.72
 1278.00    0.72
 1279.00    0.72
 1280.00    1.26
 1281.00    0.72
 1282.00    1.14
 1283.00    1.14
 1284.00    1.26
 1285.00    1.15
 1286.00    1.26
 1287.00    1.15
 1288.00    1.15
 1289.00    1.26
 1290.00    1.15
 1291.00    1.15
 1292.00    1.27
 1293.00    0.72
 1294.00    1.15
 1295.00    0.72
 1296.00    1.27
 1297.00    1.15
 1298.00    0.72
 1299.00    0.72
 1300.00    1.16
 1301.00    1.27
 1302.00    1.16
 1303.00    0.72
 1304.00    1.27
 1305.00    1.16
 1306.00    1.16
 1307.00    1.28
 1308.00    1.16
 1309.00    0.72
 1310.00    0.94
 1311.00    1.06
 1312.00    0.72
 1313.00    0.95
 1314.00    1.06
 1315.00    0.95
 1316.00    0.95
 1317.00    1.07
 1318.00    0.95
 1319.00    0.41
 1320.00    0.95
 1321.00    1.07
 1322.00    0.96
 1323.00    1.07
 1324.00    0.41
 1325.00    0.41
 1326.00    2.35
 1327.00    0.41
 1328.00    0.41
 1329.00    0.41
 1330.00    0.41
 1331.00    0.41
 1332.00    0.41
 1333.00    0.41
 1334.00    0.41
 1335.00    0.41
 1336.00    0.41
 1337.00    0.41
 1338.00    0.41
 1339.00    0.41
 1340.00    0.41
 1341.00    0.41
 1342.00    0.41
 1343.00    0.41
 1344.00    0.41
 1345.00    0.48
 1346.00    0.48
 1347.00    0.48
 1348.00    0.48
 1349.00    0.48
 1350.00    1.22
 1351.00    1.22
 1352.00    1.22
 1353.00    1.22
 1354.00    1.36
 1355.00    1.22
 1356.00    1.48
 1357.00    1.22
 1358.00    1.22
 1359.00    1.37
 1360.00    1.18
 1361.00    1.49
 1362.00    1.18
 1363.00    1.18
 1364.00    1.37
 1365.00    1.18
 1366.00    1.49
 1367.00    1.18
 1368.00    1.50
 1369.00    1.18
 1370.00    1.48
 1371.00    1.18
 1372.00    1.36
 1373.00    1.26
 1374.00    1.26
 1375.00    1.26
 1376.00    1.26
 1377.00    1.37
 1378.00    1.26
 1379.00    1.26
 1380.00    1.26
 1381.00    1.26
 1382.00    1.49
 1383.00    1.26
 1384.00    1.49
 1385.00    1.38
 1386.00    1.33
 1387.00    1.50
 1388.00    1.33
 1389.00    1.50
 1390.00    1.33
 1391.00    1.33
 1392.00    1.33
 1393.00    1.33
 1394.00    1.39
 1395.00    1.33
 1396.00    1.39
 1397.00    1.51
 1398.00    1.33
 1399.00    1.33
 1400.00    1.82
 1401.00    1.82
 1402.00    1.82
 1403.00    1.82
 1404.00    1.27
 1405.00    1.55
 1406.00    1.27
 1407.00    1.55
 1408.00    1.27
 1409.00    1.44
 1410.00    1.27
 1411.00    1.44
 1412.00    1.56
 1413.00    1.33
 1414.00    1.33
 1415.00    1.33
 1416.00    1.45
 1417.00    1.33
 1418.00    1.33
 1419.00    1.33
 1420.00    1.33
 1421.00    1.33
 1422.00    1.45
 1423.00    1.33
 1424.00    1.57
 1425.00    1.33
 1426.00    1.33
 1427.00    1.33
 1428.00    1.46
 1429.00    0.88
 1430.00    0.88
 1431.00    1.67
 1432.00    0.88
 1433.00    1.56
 1434.00    0.88
 1435.00    0.88
 1436.00    0.88
 1437.00    0.88
 1438.00    0.88
 1439.00    0.88
 1440.00    1.68
 1441.00    0.88
 1442.00    1.28
 1443.00    1.28
 1444.00    1.28
 1445.00    1.57
 1446.00    1.28
 1447.00    1.28
 1448.00    1.28
 1449.00    1.69
 1450.00    1.28
 1451.00    1.28
 1452.00    1.28
 1453.00    1.58
 1454.00    1.28
 1455.00    1.70
 1456.00    1.28
 1457.00    1.28
 1458.00    1.58
 1459.00    1.28
 1460.00    1.28
 1461.00    1.28
 1462.00    1.28
 1463.00    1.28
 1464.00    1.28
 1465.00    1.28
 1466.00    1.28
 1467.00    1.28
 1468.00    1.28
 1469.00    1.28
 1470.00    1.28
 1471.00    1.28
 1472.00    1.28
 1473.00    1.28
 1474.00    1.28
 1475.00    1.28
 1476.00    1.28
 1477.00    0.70
 1478.00    0.70
 1479.00    0.70
 1480.00    0.70
 1481.00    0.70
 1482.00    0.70
 1483.00    0.70
 1484.00    0.70
 1485.00    0.70
 1486.00    0.70
 1487.00    0.70
 1488.00    0.70
 1489.00    0.70
 1490.00    0.70
 1491.00    0.70
 1492.00    0.35
 1493.00    0.35
 1494.00    0.35
 1495.00    0.35
 1496.00    0.35
 1497.00    0.35
 1498.00    0.35
 1499.00    0.35
 1500.00    0.35
 1501.00    0.78
 1502.00    0.35
 1503.00    0.67
 1504.00    0.67
 1505.00    0.35
 1506.00    0.35
 1507.00    0.35
 1508.00    0.67
 1509.00    0.35
 1510.00    0.35
 1511.00    0.35
 1512.00    0.35
 1513.00    0.35
 1514.00    0.35
 1515.00    0.35
 1516.00    0.35
 1517.00    0.35
 1518.00    0.35
 1519.00    0.35
 1520.00    0.35
 1521.00    0.35
 1522.00    0.35
 1523.00    0.35
 1524.00    0.35
 1525.00    0.35
 1526.00    0.35
 1527.00    0.35
 1528.00    0.35
 1529.00    0.35
 1530.00    0.35
 1531.00    0.35
 1532.00    0.35
 1533.00    0.35
 1534.00    0.35
 1535.00    0.35
 1536.00    0.35
 1537.00    0.35
 1538.00    0.35
 1539.00    0.35
 1540.00    0.35
 1541.00    0.35
 1542.00    0.35
 1543.00    0.35
 1544.00    0.35
 1545.00    0.35
 1546.00    0.35
 1547.00    0.35
 1548.00    0.35
 1549.00    0.35
 1550.00    0.35
 1551.00    0.35
 1552.00    0.35
 1553.00    0.35
 1554.00    0.35
 1555.00    0.35
 1556.00    0.35
 1557.00    0.35
 1558.00    0.35
 1559.00    0.35
 1560.00    0.35
 1561.00    0.35
 1562.00    0.35
 1563.00    0.35
 1564.00    0.35
 1565.00    0.35
 1566.00    0.35
 1567.00    0.35
 1568.00    0.35
 1569.00    0.35
 1570.00    0.35
 1571.00    0.35
 1572.00    0.35
 1573.00    0.35
 1574.00    0.35
 1575.00    0.35
 1576.00    0.35
 1577.00    0.35
 1578.00    0.35
 1579.00    0.35
 1580.00    0.35
 1581.00    0.35
 1582.00    0.35
 1583.00    0.35
 1584.00    0.35
 1585.00    0.35
 1586.00    0.35
 1587.00    0.35
 1588.00    0.35
 1589.00    0.35
 1590.00    0.35
 1591.00    1.32
 1592.00    0.35
 1593.00    0.35
 1594.00    1.44
 1595.00    0.35
 1596.00    0.35
 1597.00    1.32
 1598.00    0.35
 1599.00    0.35
 1600.00    0.35
 1601.00    1.32
 1602.00    0.35
 1603.00    0.35
 1604.00    0.35
 1605.00    0.35
 1606.00    0.35
 1607.00    1.44
 1608.00    0.35
 1609.00    1.32
 1610.00    0.35
 1611.00    1.44
 1612.00    1.32
 1613.00    0.35
 1614.00    0.35
 1615.00    1.17
 1616.00    0.35
 1617.00    1.29
 1618.00    1.18
 1619.00    0.35
 1620.00    1.18
 1621.00    0.35
 1622.00    0.35
 1623.00    0.35
 1624.00    0.35
 1625.00    1.29
 1626.00    0.35
 1627.00    1.18
 1628.00    0.35
 1629.00    1.29
 1630.00    1.18
 1631.00    0.35
 1632.00    1.18
 1633.00    0.35
 1634.00    1.30
 1635.00    1.18
 1636.00    1.18
 1637.00    1.30
 1638.00    0.35
 1639.00    1.18
 1640.00    0.35
 1641.00    1.30
 1642.00    0.35
 1643.00    0.35
 1644.00    0.35
 1645.00    0.35
 1646.00    3.02
 1647.00    0.35
 1648.00    0.35
 1649.00    0.35
 1650.00    0.35
 1651.00    0.35
 1652.00    0.35
 1653.00    0.94
 1654.00    0.35
 1655.00    0.35
 1656.00    0.83
 1657.00    0.35
 1658.00    0.94
 1659.00    0.35
 1660.00    0.83
 1661.00    1.01
 1662.00    1.01
 1663.00    1.01
 1664.00    1.01
 1665.00    1.01
 1666.00    1.01
 1667.00    1.01
 1668.00    1.01
 1669.00    1.01
 1670.00    1.01
 1671.00    3.04
 1672.00    1.13
 1673.00    1.13
 1674.00    1.13
 1675.00    1.13
 1676.00    1.13
 1677.00    1.13
 1678.00    1.13
 1679.00    1.13
 1680.00    1.13
 1681.00    2.88
 1682.00    1.13
 1683.00    1.13
 1684.00    1.13
 1685.00    1.13
 1686.00    2.88
 1687.00    1.36
 1688.00    1.36
 1689.00    1.36
 1690.00    1.36
 1691.00    1.36
 1692.00    1.36
 1693.00    1.36
 1694.00    1.36
 1695.00    1.36
 1696.00    1.36
 1697.00    2.78
 1698.00    1.36
 1699.00    1.36
 1700.00    1.36
 1701.00    1.36
 1702.00    1.19
 1703.00    1.19
 1704.00    2.90
 1705.00    1.19
 1706.00    1.19
 1707.00    1.19
 1708.00    1.19
 1709.00    2.66
 1710.00    1.19
 1711.00    1.19
 1712.00    1.19
 1713.00    1.19
 1714.00    2.66
 1715.00    1.19
 1716.00    1.31
 1717.00    1.31
 1718.00    1.31
 1719.00    1.31
 1720.00    2.67
 1721.00    1.31
 1722.00    1.31
 1723.00    1.31
 1724.00    1.31
 1725.00   36.36
 1726.00    1.31
 1727.00    1.31
 1728.00    1.31
 1729.00    1.31
 1730.00    1.29
 1731.00    1.29
 1732.00    1.29
 1733.00    2.59
 1734.00    1.29
 1735.00    1.29
 1736.00    1.29
 1737.00    1.29
 1738.00    1.29
 1739.00    1.29
 1740.00    1.29
 1741.00    1.29
 1742.00    1.29
 1743.00    1.29
 1744.00    2.57
 1745.00    1.29
 1746.00    1.29
 1747.00    2.69
 1748.00    1.29
 1749.00    1.29
 1750.00    1.29
 1751.00    2.70
 1752.00    1.29
 1753.00    1.29
 1754.00    2.59
 1755.00    1.29
 1756.00    2.59
 1757.00    1.29
 1758.00    1.29
 1759.00    2.71
 1760.00    1.29
 1761.00    2.72
 1762.00    1.29
 1763.00    1.29
 1764.00    1.29
 1765.00    1.52
 1766.00    1.52
 1767.00    1.52
 1768.00    1.52
 1769.00    1.52
 1770.00    1.52
 1771.00    2.76
 1772.00    1.52
 1773.00    1.52
 1774.00    1.52
 1775.00    1.52
 1776.00    1.52
 1777.00    1.52
 1778.00    1.23
 1779.00    2.77
 1780.00    1.23
 1781.00    1.23
 1782.00    1.23
 1783.00    1.23
 1784.00    1.23
 1785.00    1.23
 1786.00    1.23
 1787.00    1.23
 1788.00    1.23
 1789.00    2.67
 1790.00    1.23
 1791.00    1.23
 1792.00    1.23
 1793.00    1.57
 1794.00    1.57
 1795.00    2.79
 1796.00    1.57
 1797.00    1.57
 1798.00    1.57
 1799.00    1.57
 1800.00    1.57
 1801.00    2.92
 1802.00    1.57
 1803.00    1.57
 1804.00    1.57
 1805.00    2.92
 1806.00    1.57
 1807.00    1.35
 1808.00    1.35
 1809.00    1.35
 1810.00    1.35
 1811.00    2.81
 1812.00    1.35
 1813.00    1.35
 1814.00    1.35
 1815.00    1.35
 1816.00    1.35
 1817.00    1.35
 1818.00    1.35
 1819.00    2.94
 1820.00    1.35
 1821.00    2.94
 1822.00    1.35
 1823.00    1.35
 1824.00    1.35
 1825.00    1.35
 1826.00    1.35
 1827.00    1.35
 1828.00    1.35
 1829.00    1.35
 1830.00    1.35
 1831.00    1.35
 1832.00    1.35
 1833.00    1.35
 1834.00    3.21
 1835.00    1.35
 1836.00    1.35
 1837.00    1.35
 1838.00    1.35
 1839.00    1.35
 1840.00    1.35
 1841.00    1.35
 1842.00    1.35
 1843.00    1.35
 1844.00    1.35
 1845.00    1.35
 1846.00    1.35
 1847.00    1.35
 1848.00    1.35
 1849.00    1.35
 1850.00    1.35
 1851.00    1.35
 1852.00    1.35
 1853.00    1.35
 1854.00    3.34
 1855.00    1.35
 1856.00    1.35
 1857.00    1.35
 1858.00    1.35
 1859.00    1.38
 1860.00    1.35
 1861.00    3.58
 1862.00    1.35
 1863.00    1.35
 1864.00    1.35
 1865.00    1.35
 1866.00    1.39
 1867.00    1.35
 1868.00    1.35
 1869.00    1.35
 1870.00    1.01
 1871.00    1.01
 1872.00    1.27
 1873.00    1.01
 1874.00    1.01
 1875.00    1.27
 1876.00    1.39
 1877.00    1.27
 1878.00    0.81
 1879.00    1.27
 1880.00    1.39
 1881.00    0.81
 1882.00    0.81
 1883.00    0.81
 1884.00    1.39
 1885.00    0.81
 1886.00    1.27
 1887.00    1.50
 1888.00    0.81
 1889.00    1.62
 1890.00    0.81
 1891.00    1.50
 1892.00    0.81
 1893.00    1.62
 1894.00    1.50
 1895.00    1.50
 1896.00    0.81
 1897.00    1.62
 1898.00    0.81
 1899.00    0.81
 1900.00    0.81
 1901.00    0.81
 1902.00    1.50
 1903.00    0.81
 1904.00    1.62
 1905.00    0.81
 1906.00    0.81
 1907.00    0.81
 1908.00    0.81
 1909.00    0.81
 1910.00    0.81
 1911.00    0.81
 1912.00    0.81
 1913.00    0.81
 1914.00    1.62
 1915.00    1.50
 1916.00    0.36
 1917.00    1.62
 1918.00    1.45
 1919.00    0.36
 1920.00    1.45
 1921.00    1.57
 1922.00    1.45
 1923.00    0.36
 1924.00    1.57
 1925.00    0.36
 1926.00    0.36
 1927.00    1.57
 1928.00    1.45
 1929.00    1.45
 1930.00    1.57
 1931.00    0.36
 1932.00    0.36
 1933.00    0.36
 1934.00    1.57
 1935.00    0.36
 1936.00    0.36
 1937.00    0.36
 1938.00    1.45
 1939.00    0.36
 1940.00    1.45
 1941.00    0.36
 1942.00    0.36
 1943.00    0.36
 1944.00    0.36
 1945.00    0.36
 1946.00    1.57
 1947.00    0.36
 1948.00    0.36
 1949.00    0.36
 1950.00    0.36
 1951.00    0.36
 1952.00    0.36
 1953.00    0.36
 1954.00    1.58
 1955.00    1.47
 1956.00    0.36
 1957.00    0.36
 1958.00    1.58
 1959.00    0.36
 1960.00    1.47
 1961.00    0.36
 1962.00    0.36
 1963.00    1.58
 1964.00    1.47
 1965.00    1.47
 1966.00    1.58
 1967.00    1.47
 1968.00    1.47
 1969.00    1.59
 1970.00    1.47
 1971.00    0.36
 1972.00    1.59
 1973.00    0.36
 1974.00    1.47
 1975.00    0.36
 1976.00    1.47
 1977.00    1.59
 1978.00    1.47
 1979.00    0.36
 1980.00    1.35
 1981.00    1.47
 1982.00    1.35
 1983.00    0.36
 1984.00    0.36
 1985.00    1.47
 1986.00    0.36
 1987.00    1.35
 1988.00    1.36
 1989.00    1.47
 1990.00    0.36
 1991.00    1.36
 1992.00    0.36
 1993.00    1.36
 1994.00    0.36
 1995.00    1.47
 1996.00    1.36
 1997.00    1.47
 1998.00    1.36
 1999.00    0.36
 2000.00    1.36
 2001.00    1.48
 2002.00    1.36
 2003.00    0.36
 2004.00    1.48
 2005.00    1.36
 2006.00    1.36
 2007.00    1.48
 2008.00    1.36
 2009.00    1.07
 2010.00    0.36
 2011.00    1.19
 2012.00    0.36
 2013.00    1.07
 2014.00    1.19
 2015.00    1.07
 2016.00    1.07
 2017.00    1.19
 2018.00    0.57
 2019.00    1.08
 2020.00    1.08
 2021.00    1.19
 2022.00    3.39
 2023.00    3.28
 2024.00    1.20
 2025.00    1.08
 2026.00    3.40
 2027.00    1.09
 2028.00    1.20
 2029.00    1.09
 2030.00    1.09
 2031.00    1.21
 2032.00    1.09
 2033.00    1.21
 2034.00    1.09
 2035.00    1.09
 2036.00    1.21
 2037.00    1.10
 2038.00    1.10
 2039.00    1.21
 2040.00    0.87
 2041.00    3.18
 2042.00    0.62
 2043.00    0.87
 2044.00    0.99
 2045.00    0.87
 2046.00    0.87
 2047.00    0.99
 2048.00    0.87
 2049.00    0.99
 2050.00    0.88
 2051.00    0.88
 2052.00    0.99
 2053.00    0.88
 2054.00    1.00
 2055.00    0.88
 2056.00    0.88
 2057.00    1.00
 2058.00    0.94
 2059.00    0.94
 2060.00    1.00
 2061.00    0.94
 2062.00    1.01
 2063.00    0.94
 2064.00    0.94
 2065.00    3.21
 2066.00    0.94
 2067.00    1.01
 2068.00    0.94
 2069.00    1.01
 2070.00    0.94
 2071.00    0.94
 2072.00    0.94
 2073.00    0.94
 2074.00    0.94
 2075.00    2.90
 2076.00    0.94
 2077.00    0.94
 2078.00    0.94
 2079.00    0.94
 2080.00    0.94
 2081.00    3.03
 2082.00    0.94
 2083.00    0.94
 2084.00    0.94
 2085.00    0.94
 2086.00    0.94
 2087.00    0.94
 2088.00    0.94
 2089.00    0.94
 2090.00    0.94
 2091.00    0.94
 2092.00    0.94
 2093.00    3.04
 2094.00    0.94
 2095.00    0.94
 2096.00    0.94
 2097.00    0.94
 2098.00    0.94
 2099.00    0.94
 2100.00    3.06
 2101.00    0.77
 2102.00    0.84
 2103.00    0.77
 2104.00    0.77
 2105.00    3.04
 2106.00    0.85
 2107.00    0.77
 2108.00    0.77
 2109.00    3.05
 2110.00    0.77
 2111.00    0.85
 2112.00    0.77
 2113.00    0.86
 2114.00    2.13
 2115.00    0.74
 2116.00    0.74
 2117.00    0.74
 2118.00    0.74
 2119.00    0.74
 2120.00    0.74
 2121.00    0.74
 2122.00    0.74
 2123.00    0.74
 2124.00    0.74
 2125.00    1.33
 2126.00    0.74
 2127.00    0.74
 2128.00    0.74
 2129.00    0.81
 2130.00    0.81
 2131.00    0.81
 2132.00    0.81
 2133.00    0.81
 2134.00    0.81
 2135.00    0.81
 2136.00    1.49
 2137.00    0.81
 2138.00    0.81
 2139.00    0.81
 2140.00    0.81
 2141.00    0.81
 2142.00    0.81
 2143.00    0.81
 2144.00    0.81
 2145.00    0.81
 2146.00    0.81
 2147.00    0.81
 2148.00    0.81
 2149.00    1.50
 2150.00    0.81
 2151.00    1.39
 2152.00    0.81
 2153.00    0.81
 2154.00    0.81
 2155.00    0.81
 2156.00    0.81
 2157.00    1.39
 2158.00    0.82
 2159.00    0.82
 2160.00    0.82
 2161.00    1.51
 2162.00    0.82
 2163.00    0.82
 2164.00    0.82
 2165.00    0.82
 2166.00    1.61
 2167.00    0.82
 2168.00    0.82
 2169.00    0.82
 2170.00    0.82
 2171.00    0.76
 2172.00    0.76
 2173.00    0.76
 2174.00    1.62
 2175.00    0.76
 2176.00    0.76
 2177.00    0.76
 2178.00    0.76
 2179.00    1.62
 2180.00    0.76
 2181.00    0.76
 2182.00    0.76
 2183.00    0.76
 2184.00    0.74
 2185.00    0.74
 2186.00    0.74
 2187.00    0.74
 2188.00    0.74
 2189.00    0.74
 2190.00    0.74
 2191.00    0.74
 2192.00    0.74
 2193.00    0.79
 2194.00    0.79
 2195.00    0.79
 2196.00    0.79
 2197.00    0.79
 2198.00    0.79
 2199.00    0.79
 2200.00    0.79
 2201.00    0.79
 2202.00    0.79
 2203.00    0.79
 2204.00    0.79
 2205.00    0.79
 2206.00    0.79
 2207.00    0.79
 2208.00    0.79
 2209.00    0.79
 2210.00    0.79
 2211.00    0.79
 2212.00    0.79
 2213.00    0.55
 2214.00    0.43
 2215.00    0.43
 2216.00    0.43
 2217.00    0.43
 2218.00    0.43
 2219.00    0.43
 2220.00    0.55
 2221.00    0.43
 2222.00    0.43
 2223.00    0.43
 2224.00    0.43
 2225.00    0.63
 2226.00    0.74
 2227.00    0.43
 2228.00    0.63
 2229.00    0.43
 2230.00    0.43
 2231.00    0.43
 2232.00    0.74
 2233.00    0.63
 2234.00    0.63
 2235.00    0.63
 2236.00    0.74
 2237.00    0.43
 2238.00    2.02
 2239.00    0.43
 2240.00    0.75
 2241.00    0.63
 2242.00    0.63
 2243.00    0.63
 2244.00    0.43
 2245.00    0.75
 2246.00    0.43
 2247.00    0.63
 2248.00    0.43
 2249.00    0.63
 2250.00    0.75
 2251.00    0.63
 2252.00    0.82
 2253.00    0.43
 2254.00    0.43
 2255.00    0.43
 2256.00    0.93
 2257.00    0.82
 2258.00    0.43
 2259.00    0.43
 2260.00    0.43
 2261.00    0.43
 2262.00    0.43
 2263.00    0.43
 2264.00    0.43
 2265.00    0.43
 2266.00    0.82
 2267.00    0.43
 2268.00    0.43
 2269.00    0.82
 2270.00    0.43
 2271.00    0.82
 2272.00    0.43
 2273.00    0.93
 2274.00    0.43
 2275.00    0.43
 2276.00    0.43
 2277.00    0.82
 2278.00    0.43
 2279.00    0.43
 2280.00    0.82
 2281.00    0.43
 2282.00    0.43
 2283.00    0.43
 2284.00    0.43
 2285.00    0.43
 2286.00    0.43
 2287.00    0.43
 2288.00    0.43
 2289.00    0.43
 2290.00    0.43
 2291.00    0.43
 2292.00    0.43
 2293.00    0.77
 2294.00    0.43
 2295.00    0.43
 2296.00    0.43
 2297.00    0.43
 2298.00    0.43
 2299.00    0.43
 2300.00    0.43
 2301.00    0.43
 2302.00    0.43
 2303.00    0.43
 2304.00    0.32
 2305.00    0.32
 2306.00    0.32
 2307.00    0.32
 2308.00    0.32
 2309.00    0.32
 2310.00    0.32
 2311.00    0.32
 2312.00    0.32
 2313.00    0.32
 2314.00    0.32
 2315.00    0.32
 2316.00    0.86
 2317.00    0.32
 2318.00    0.32
 2319.00    0.32
 2320.00    0.32
 2321.00    0.75
 2322.00    0.32
 2323.00    0.75
 2324.00    0.32
 2325.00    0.32
 2326.00    0.75
 2327.00    0.86
 2328.00    0.32
 2329.00    0.75
 2330.00    0.32
 2331.00    0.75
 2332.00    0.32
 2333.00    0.75
 2334.00    0.32
 2335.00    0.32
 2336.00    0.87
 2337.00    0.32
 2338.00    0.75
 2339.00    0.32
 2340.00    0.32
 2341.00    0.32
 2342.00    0.32
 2343.00    0.32
 2344.00    0.32
 2345.00    0.32
 2346.00    0.32
 2347.00    0.64
 2348.00    0.32
 2349.00    0.32
 2350.00    0.32
 2351.00    0.64
 2352.00    0.32
 2353.00    0.64
 2354.00    0.32
 2355.00    0.76
 2356.00    0.64
 2357.00    0.32
 2358.00    0.64
 2359.00    0.76
 2360.00    0.32
 2361.00    0.64
 2362.00    0.64
 2363.00    0.32
 2364.00    0.64
 2365.00    0.76
 2366.00    0.64
 2367.00    0.32
 2368.00    0.65
 2369.00    0.76
 2370.00    0.32
 2371.00    0.65
 2372.00    0.32
 2373.00    0.65
 2374.00    0.38
 2375.00    0.32
 2376.00    0.50
 2377.00    0.39
 2378.00    0.32
 2379.00    0.39
 2380.00    0.50
 2381.00    0.32
 2382.00    0.39
 2383.00    0.32
 2384.00    0.39
 2385.00    0.39
 2386.00    0.50
 2387.00    0.39
 2388.00    0.93
 2389.00    0.93
 2390.00    0.93
 2391.00    0.93
 2392.00    0.93
 2393.00    0.93
 2394.00    0.93
 2395.00    0.93
 2396.00    0.93
 2397.00    0.93
 2398.00    0.93
 2399.00    0.93
 2400.00    0.93
 2401.00    0.93
 2402.00    0.51
 2403.00    0.40
 2404.00    0.40
 2405.00    0.40
 2406.00    0.40
 2407.00    0.40
 2408.00    0.40
 2409.00    0.40
 2410.00    0.40
 2411.00    0.40
 2412.00    0.40
 2413.00    0.40
 2414.00    0.40
 2415.00    0.40
 2416.00    0.40
 2417.00    0.40
 2418.00    0.40
 2419.00    0.40
 2420.00    0.40
 2421.00    0.40
 2422.00    0.40
 2423.00    1.59
 2424.00    0.40
 2425.00    0.40
 2426.00    0.40
 2427.00    0.40
 2428.00    0.40
 2429.00    0.40
 2430.00    0.40
 2431.00    0.40
 2432.00    0.40
 2433.00    0.81
 2434.00    0.81
 2435.00    0.81
 2436.00    1.53
 2437.00    0.81
 2438.00    0.81
 2439.00    0.81
 2440.00    0.81
 2441.00    0.81
 2442.00    0.81
 2443.00    0.81
 2444.00    0.81
 2445.00    0.81
 2446.00    0.81
 2447.00    0.81
 2448.00    0.81
 2449.00    0.78
 2450.00    0.78
 2451.00    0.38
 2452.00    0.38
 2453.00    1.43
 2454.00    0.38
 2455.00    0.38
 2456.00    0.38
 2457.00    0.38
 2458.00    0.38
 2459.00    0.38
 2460.00    0.38
 2461.00    0.38
 2462.00    0.38
 2463.00    0.38
 2464.00    0.38
 2465.00    0.91
 2466.00    0.91
 2467.00    0.91
 2468.00    0.91
 2469.00    2.93
 2470.00    0.91
 2471.00    1.55
 2472.00    0.91
 2473.00    1.55
 2474.00    0.91
 2475.00    0.91
 2476.00    0.91
 2477.00    0.91
 2478.00    0.36
 2479.00    0.36
 2480.00    0.36
 2481.00    0.36
 2482.00    1.44
 2483.00    0.36
 2484.00    1.45
 2485.00    0.36
 2486.00    0.36
 2487.00    0.36
 2488.00    0.36
 2489.00    0.36
 2490.00    0.36
 2491.00    0.36
 2492.00    1.45
 2493.00    0.80
 2494.00    0.80
 2495.00    0.80
 2496.00    0.80
 2497.00    0.80
 2498.00    0.80
 2499.00    0.80
 2500.00    0.80
 2501.00    0.80
 2502.00    0.80
 2503.00    0.80
 2504.00    0.80
 2505.00    0.80
 2506.00    0.40
 2507.00    0.40
 2508.00    0.40
 2509.00    0.40
 2510.00    0.40
 2511.00    0.40
 2512.00    0.40
 2513.00    0.40
 2514.00    0.40
 2515.00    0.40
 2516.00    0.40
 2517.00    0.40
 2518.00    0.40
 2519.00    1.50
 2520.00    1.01
 2521.00    1.01
 2522.00    1.01
 2523.00    1.01
 2524.00    1.01
 2525.00    1.01
 2526.00    1.01
 2527.00    1.01
 2528.00    1.71
 2529.00    1.01
 2530.00    1.72
 2531.00    1.01
 2532.00    1.01
 2533.00    1.01
 2534.00    0.36
 2535.00    0.36
 2536.00    0.36
 2537.00    0.36
 2538.00    0.36
 2539.00    0.36
 2540.00    0.36
 2541.00    0.36
 2542.00    0.36
 2543.00    0.36
 2544.00    0.36
 2545.00    0.36
 2546.00    0.36
 2547.00    0.36
 2548.00    0.83
 2549.00    0.83
 2550.00    0.83
 2551.00    0.83
 2552.00    1.73
 2553.00    0.83
 2554.00    0.83
 2555.00    0.83
 2556.00    0.83
 2557.00    0.83
 2558.00    0.83
 2559.00    1.90
 2560.00    0.83
 2561.00    0.51
 2562.00    0.51
 2563.00    0.51
 2564.00    0.63
 2565.00    0.40
 2566.00    0.51
 2567.00    0.51
 2568.00    0.63
 2569.00    0.40
 2570.00    0.40
 2571.00    0.40
 2572.00    0.40
 2573.00    0.40
 2574.00    0.40
 2575.00    0.51
 2576.00    0.40
 2577.00    0.40
 2578.00    0.40
 2579.00    0.40
 2580.00    0.51
 2581.00    0.40
 2582.00    0.63
 2583.00    0.40
 2584.00    0.51
 2585.00    0.51
 2586.00    0.63
 2587.00    0.51
 2588.00    0.51
 2589.00    0.69
 2590.00    0.81
 2591.00    0.40
 2592.00    0.40
 2593.00    0.40
 2594.00    0.40
 2595.00    0.40
 2596.00    0.81
 2597.00    0.69
 2598.00    0.69
 2599.00    0.69
 2600.00    0.81
 2601.00    0.40
 2602.00    0.69
 2603.00    0.40
 2604.00    0.69
 2605.00    0.81
 2606.00    0.40
 2607.00    0.70
 2608.00    0.40
 2609.00    0.40
 2610.00    0.40
 2611.00    0.69
 2612.00    0.81
 2613.00    0.70
 2614.00    0.40
 2615.00    0.40
 2616.00    0.40
 2617.00    0.40
 2618.00    0.98
 2619.00    0.40
 2620.00    0.86
 2621.00    0.40
 2622.00    0.40
 2623.00    0.40
 2624.00    0.40
 2625.00    0.98
 2626.00    0.40
 2627.00    0.40
 2628.00    0.40
 2629.00    0.40
 2630.00    0.40
 2631.00    0.40
 2632.00    0.40
 2633.00    0.40
 2634.00    0.40
 2635.00    0.40
 2636.00    0.40
 2637.00    0.40
 2638.00    0.40
 2639.00    0.40
 2640.00    0.39
 2641.00    0.39
 2642.00    0.39
 2643.00    0.39
 2644.00    0.39
 2645.00    0.39
 2646.00    0.39
 2647.00    0.39
 2648.00    0.39
 2649.00    0.39
 2650.00    0.39
 2651.00    0.39
 2652.00    0.39
 2653.00    0.39
 2654.00    0.39
 2655.00    0.39
 2656.00    0.39
 2657.00    0.39
 2658.00    0.39
 2659.00    0.39
 2660.00    0.39
 2661.00    0.39
 2662.00    0.39
 2663.00    0.39
 2664.00    0.39
 2665.00    0.39
 2666.00    0.39
 2667.00    0.39
 2668.00    0.39
 2669.00    0.39
 2670.00    0.39
 2671.00    0.39
 2672.00    0.39
 2673.00    0.39
 2674.00    0.39
 2675.00    0.39
 2676.00    0.39
 2677.00    0.39
 2678.00    0.39
 2679.00    0.39
 2680.00    0.39
 2681.00    0.39
 2682.00    1.40
 2683.00    0.39
 2684.00    1.51
 2685.00    0.39
 2686.00    0.39
 2687.00    1.40
 2688.00    0.39
 2689.00    0.39
 2690.00    1.52
 2691.00    0.39
 2692.00    1.40
 2693.00    0.39
 2694.00    1.40
 2695.00    1.52
 2696.00    1.40
 2697.00    0.39
 2698.00    1.52
 2699.00    0.39
 2700.00    1.40
 2701.00    0.39
 2702.00    1.40
 2703.00    1.52
 2704.00    1.40
 2705.00    1.40
 2706.00    0.34
 2707.00    1.52
 2708.00    0.34
 2709.00    1.27
 2710.00    0.34
 2711.00    1.39
 2712.00    1.27
 2713.00    1.27
 2714.00    0.34
 2715.00    1.39
 2716.00    0.34
 2717.00    1.27
 2718.00    1.28
 2719.00    1.39
 2720.00    0.34
 2721.00    1.28
 2722.00    0.34
 2723.00    1.39
 2724.00    0.34
 2725.00    0.34
 2726.00    1.28
 2727.00    0.34
 2728.00    1.28
 2729.00    1.39
 2730.00    1.28
 2731.00    0.34
 2732.00    1.40
 2733.00    1.28
 2734.00    0.34
 2735.00    1.28
 2736.00    1.40
 2737.00    1.28
 2738.00    1.28
 2739.00    1.08
 2740.00    0.96
 2741.00    1.08
 2742.00    0.77
 2743.00    0.96
 2744.00    0.96
 2745.00    1.08
 2746.00    3.16
 2747.00    1.08
 2748.00    0.97
 2749.00    1.08
 2750.00    0.97
 2751.00    0.97
 2752.00    1.09
 2753.00    0.97
 2754.00    0.97
 2755.00    1.09
 2756.00    0.97
 2757.00    1.09
 2758.00    0.98
 2759.00    0.98
 2760.00    1.09
 2761.00    0.98
 2762.00    1.09
 2763.00    0.98
 2764.00    0.98
 2765.00    1.10
 2766.00    0.98
 2767.00    0.98
 2768.00    1.10
 2769.00    0.99
 2770.00    0.84
 2771.00    0.73
 2772.00    0.73
 2773.00    0.85
 2774.00    0.53
 2775.00    0.73
 2776.00    0.73
 2777.00    0.85
 2778.00    0.74
 2779.00    0.85
 2780.00    2.94
 2781.00    0.86
 2782.00    0.74
 2783.00    0.86
 2784.00    0.74
 2785.00    0.74
 2786.00    0.86
 2787.00    0.53
 2788.00    0.53
 2789.00    5.26
 2790.00    0.75
 2791.00    0.87
 2792.00    0.75
 2793.00    0.75
 2794.00    0.87
 2795.00    0.76
 2796.00    0.76
 2797.00    0.87
 2798.00    0.76
 2799.00    0.88
 2800.00    0.76
 2801.00    0.54
 2802.00    0.65
 2803.00    0.54
 2804.00    0.54
 2805.00    0.66
 2806.00    0.54
 2807.00    0.66
 2808.00    0.54
 2809.00    2.86
 2810.00    0.55
 2811.00    0.66
 2812.00    0.55
 2813.00    0.55
 2814.00    0.67
 2815.00    0.55
 2816.00    0.56
 2817.00    0.67
 2818.00    0.56
 2819.00    0.67
 2820.00    0.56
 2821.00    0.56
 2822.00    0.54
 2823.00    2.88
 2824.00    0.57
 2825.00    0.68
 2826.00    0.81
 2827.00    0.81
 2828.00    0.81
 2829.00    0.81
 2830.00    0.81
 2831.00    2.86
 2832.00    0.81
 2833.00    0.81
 2834.00    0.81
 2835.00    0.81
 2836.00    0.81
 2837.00    0.81
 2838.00    2.87
 2839.00    0.81
 2840.00    0.81
 2841.00    2.88
 2842.00    0.81
 2843.00    2.88
 2844.00    0.81
 2845.00    0.81
 2846.00    0.81
 2847.00    0.81
 2848.00    0.81
 2849.00    2.89
 2850.00    0.81
 2851.00    0.81
 2852.00    2.78
 2853.00    0.81
 2854.00    2.90
 2855.00    0.81
 2856.00    0.81
 2857.00    0.81
 2858.00    0.81
 2859.00    0.81
 2860.00    0.81
 2861.00    0.81
 2862.00    0.81
 2863.00    0.81
 2864.00    2.83
 2865.00    0.81
 2866.00    0.81
 2867.00    0.81
 2868.00    2.95
 2869.00    0.81
 2870.00    2.84
 2871.00    0.81
 2872.00    0.81
 2873.00    2.96
 2874.00    0.81
 2875.00    0.81
 2876.00    0.81
 2877.00    0.81
 2878.00    2.97
 2879.00    0.81
 2880.00    0.81
 2881.00    0.81
 2882.00    0.81
 2883.00    0.81
 2884.00    0.81
 2885.00    0.81
 2886.00    0.81
 2887.00    0.81
 2888.00    0.81
 2889.00    0.79
 2890.00    0.79
 2891.00    2.87
 2892.00    0.89
 2893.00    0.79
 2894.00    0.90
 2895.00    0.79
 2896.00    0.79
 2897.00    3.10
 2898.00    0.90
 2899.00    0.79
 2900.00    3.10
 2901.00    0.79
 2902.00    0.79
 2903.00    0.79
 2904.00    0.79
 2905.00    0.79
 2906.00    0.79
 2907.00    0.91
 2908.00    0.79
 2909.00    0.91
 2910.00    3.00
 2911.00    0.91
 2912.00    0.80
 2913.00    0.80
 2914.00    0.92
 2915.00    0.80
 2916.00    0.92
 2917.00    0.79
 2918.00    0.81
 2919.00    0.81
 2920.00    0.92
 2921.00    0.81
 2922.00    0.81
 2923.00    1.25
 2924.00    0.81
 2925.00    1.14
 2926.00    1.14
 2927.00    1.25
 2928.00    0.81
 2929.00    0.81
 2930.00    0.81
 2931.00    1.14
 2932.00    1.26
 2933.00    1.14
 2934.00    1.14
 2935.00    1.26
 2936.00    1.14
 2937.00    1.14
 2938.00    1.26
 2939.00    1.15
 2940.00    1.26
 2941.00    1.15
 2942.00    1.15
 2943.00    1.27
 2944.00    1.15
 2945.00    1.15
 2946.00    1.27
 2947.00    1.15
 2948.00    1.27
 2949.00    1.16
 2950.00    1.16
 2951.00    1.27
 2952.00    0.81
 2953.00    3.36
 2954.00    1.48
 2955.00    1.37
 2956.00    1.49
 2957.00    0.40
 2958.00    0.40
 2959.00    1.37
 2960.00    0.40
 2961.00    1.37
 2962.00    0.40
 2963.00    0.40
 2964.00    0.40
 2965.00    1.49
 2966.00    0.40
 2967.00    0.40
 2968.00    0.40
 2969.00    0.40
 2970.00    0.40
 2971.00    0.40
 2972.00    1.36
 2973.00    0.40
 2974.00    0.40
 2975.00    0.40
 2976.00    0.40
 2977.00    0.40
 2978.00    0.40
 2979.00    0.33
 2980.00    0.33
 2981.00    0.33
 2982.00    0.33
 2983.00    0.33
 2984.00    0.33
 2985.00    0.33
 2986.00    0.33
 2987.00    0.33
 2988.00    0.33
 2989.00    0.33
 2990.00    0.33
 2991.00    0.33
 2992.00    0.33
 2993.00    0.33
 2994.00    0.33
 2995.00    0.33
 2996.00    0.33
 2997.00    0.33
 2998.00    0.33
 2999.00    0.33
 3000.00    0.33
 3001.00    0.33
 3002.00    0.33
 3003.00    0.33
 3004.00    0.33
 3005.00    0.33
 3006.00    0.33
 3007.00    0.33
 3008.00    0.33
 3009.00    0.33
 3010.00    0.33
 3011.00    0.33
 3012.00    0.33
 3013.00    0.33
 3014.00    0.33
 3015.00    0.33
 3016.00    0.33
 3017.00    0.33
 3018.00    0.33
 3019.00    0.33
 3020.00    0.33
 3021.00    0.33
 3022.00    0.33
 3023.00    0.33
 3024.00    0.33
 3025.00    0.33
 3026.00    0.33
 3027.00    0.33
 3028.00    0.33
 3029.00    0.33
 3030.00    0.33
 3031.00    0.33
 3032.00    0.33
 3033.00    0.33
 3034.00    0.33
 3035.00    0.33
 3036.00    0.33
 3037.00    0.33
 3038.00    0.33
 3039.00    0.33
 3040.00    0.33
 3041.00    0.33
 3042.00    0.33
 3043.00    0.32
 3044.00    0.32
 3045.00    0.32
 3046.00    0.32
 3047.00    0.32
 3048.00    0.32
 3049.00    0.32
 3050.00    0.32
 3051.00    0.32
 3052.00    0.32
 3053.00    0.32
 3054.00    0.32
 3055.00    0.32
 3056.00    0.33
 3057.00    0.33
 3058.00    0.33
 3059.00    0.33
 3060.00    0.33
 3061.00    0.33
 3062.00    0.33
 3063.00    0.33
 3064.00    0.33
 3065.00    0.33
 3066.00    0.33
 3067.00    0.33
 3068.00    0.33
 3069.00    0.33
 3070.00    1.88
 3071.00    0.33
 3072.00    2.69
 3073.00    0.33
 3074.00    2.69
 3075.00    0.33
 3076.00    0.33
 3077.00    0.33
 3078.00    4.25
 3079.00    0.33
 3080.00    1.82
 3081.00    0.33
 3082.00    1.94
 3083.00    1.83
 3084.00    1.83
 3085.00    0.33
 3086.00    0.33
 3087.00    1.83
 3088.00    0.33
 3089.00    1.83
 3090.00    1.83
 3091.00    0.33
 3092.00    0.33
 3093.00    1.83
 3094.00    0.33
 3095.00    1.83
 3096.00    0.33
 3097.00    0.33
 3098.00    1.83
 3099.00    0.33
 3100.00    0.33
 3101.00    1.95
 3102.00    0.32
 3103.00    1.84
 3104.00    1.84
 3105.00    1.42
 3106.00    1.42
 3107.00    1.43
 3108.00    0.78
 3109.00    1.43
 3110.00    1.43
 3111.00    1.43
 3112.00    1.55
 3113.00    1.43
 3114.00    1.43
 3115.00    4.44
 3116.00    1.44
 3117.00    1.44
 3118.00    1.44
 3119.00    0.78
 3120.00    1.44
 3121.00    1.56
 3122.00    1.44
 3123.00    1.45
 3124.00    1.45
 3125.00    1.45
 3126.00    1.45
 3127.00    0.78
 3128.00    1.45
 3129.00    1.45
 3130.00    1.45
 3131.00    1.57
 3132.00    0.78
 3133.00    4.47
 3134.00    1.46
 3135.00    1.46
 3136.00    1.13
 3137.00    1.14
 3138.00    1.14
 3139.00    1.14
 3140.00    1.26
 3141.00    0.78
 3142.00    1.14
 3143.00    0.78
 3144.00    1.14
 3145.00    0.78
 3146.00    1.15
 3147.00    1.15
 3148.00    1.15
 3149.00    1.15
 3150.00    1.15
 3151.00    1.15
 3152.00    1.27
 3153.00    1.16
 3154.00    1.16
 3155.00    1.16
 3156.00    1.16
 3157.00    1.16
 3158.00    4.17
 3159.00    1.17
 3160.00    1.17
 3161.00    1.29
 3162.00    1.17
 3163.00    1.17
 3164.00    1.18
 3165.00    1.18
 3166.00    1.18
 3167.00    1.07
 3168.00    1.07
 3169.00    1.07
 3170.00    1.07
 3171.00    3.91
 3172.00    1.07
 3173.00    1.07
 3174.00    1.07
 3175.00    1.07
 3176.00    1.07
 3177.00    1.07
 3178.00    4.04
 3179.00    1.07
 3180.00    1.07
 3181.00    1.07
 3182.00    1.07
 3183.00    1.07
 3184.00    3.70
 3185.00    1.07
 3186.00    1.07
 3187.00    1.07
 3188.00    1.07
 3189.00    1.07
 3190.00    1.07
 3191.00    1.07
 3192.00    1.07
 3193.00    1.07
 3194.00    1.07
 3195.00    1.07
 3196.00    1.07
 3197.00    1.07
 3198.00    1.27
 3199.00    1.27
 3200.00    3.47
 3201.00    1.27
 3202.00    1.27
 3203.00    1.27
 3204.00    1.27
 3205.00    3.47
 3206.00    3.48
 3207.00    1.27
 3208.00    1.27
 3209.00    3.48
 3210.00    1.27
 3211.00    1.27
 3212.00    1.27
 3213.00    1.27
 3214.00    1.27
 3215.00    1.27
 3216.00    1.27
 3217.00    1.27
 3218.00    1.27
 3219.00    3.50
 3220.00    1.27
 3221.00    3.51
 3222.00    1.27
 3223.00    1.27
 3224.00    1.27
 3225.00    3.51
 3226.00    1.27
 3227.00    1.27
 3228.00    1.27
 3229.00    1.27
 3230.00    1.27
 3231.00    1.27
 3232.00    1.27
 3233.00    3.57
 3234.00    1.27
 3235.00    3.58
 3236.00    1.27
 3237.00    1.27
 3238.00    1.27
 3239.00    1.27
 3240.00    1.27
 3241.00    3.59
 3242.00    1.27
 3243.00    1.27
 3244.00    1.27
 3245.00    1.27
 3246.00    1.27
 3247.00    3.60
 3248.00    1.34
 3249.00    1.34
 3250.00    1.34
 3251.00    1.34
 3252.00    1.34
 3253.00    1.34
 3254.00    1.34
 3255.00    3.61
 3256.00    1.34
 3257.00    1.34
 3258.00    1.34
 3259.00    1.34
 3260.00    1.34
 3261.00    1.34
 3262.00    1.34
 3263.00    3.75
 3264.00    1.34
 3265.00    1.34
 3266.00    1.34
 3267.00    1.34
 3268.00    1.34
 3269.00    1.34
 3270.00    1.34
 3271.00    3.53
 3272.00    3.31
 3273.00    1.34
 3274.00    1.34
 3275.00    1.34
 3276.00    1.34
 3277.00    1.34
 3278.00    1.34
 3279.00    3.32
 3280.00    1.34
 3281.00    3.32
 3282.00   23.69
 3283.00    1.34
 3284.00    1.34
 3285.00    3.33
 3286.00    1.34
 3287.00    1.34
 3288.00    1.34
 3289.00    1.34
 3290.00    1.34
 3291.00    1.34
 3292.00    1.34
 3293.00    1.34
 3294.00    1.34
 3295.00    1.34
 3296.00    1.34
 3297.00    1.34
 3298.00    1.34
 3299.00    1.34
 3300.00    1.34
 3301.00    1.34
 3302.00    1.34
 3303.00    1.34
 3304.00    0.87
 3305.00    0.87
 3306.00    0.87
 3307.00    0.87
 3308.00    0.87
 3309.00    0.87
 3310.00    0.87
 3311.00    0.87
 3312.00    0.87
 3313.00    0.87
 3314.00    0.87
 3315.00    0.87
 3316.00    0.87
 3317.00    1.39
 3318.00    1.39
 3319.00    0.87
 3320.00    0.87
 3321.00    1.67
 3322.00    1.67
 3323.00    1.67
 3324.00    0.87
 3325.00    1.68
 3326.00    1.68
 3327.00    0.87
 3328.00    0.87
 3329.00    1.68
 3330.00    0.30
 3331.00    1.68
 3332.00    0.30
 3333.00    0.30
 3334.00    0.30
 3335.00    1.68
 3336.00    1.68
 3337.00    0.30
 3338.00    0.30
 3339.00    0.30
 3340.00    0.30
 3341.00    0.30
 3342.00    0.30
 3343.00    0.30
 3344.00    0.30
 3345.00    0.30
 3346.00    0.30
 3347.00    0.29
 3348.00    0.29
 3349.00    0.29
 3350.00    0.29
 3351.00    0.29
 3352.00    0.29
 3353.00    0.29
 3354.00    0.29
 3355.00    0.29
 3356.00    0.29
 3357.00    0.29
 3358.00    0.29
 3359.00    0.29
 3360.00    0.29
 3361.00    0.29
 3362.00    0.29
 3363.00    0.29
 3364.00    0.29
 3365.00    0.29
 3366.00    0.29
 3367.00    0.29
 3368.00    0.39
 3369.00    1.90
 3370.00    0.39
 3371.00    0.39
 3372.00    0.39
 3373.00    0.39
 3374.00    1.90
 3375.00    0.39
 3376.00    0.39
 3377.00    0.39
 3378.00    1.78
 3379.00    0.38
 3380.00    0.38
 3381.00    0.38
 3382.00    0.38
 3383.00    0.38
 3384.00    0.38
 3385.00    0.38
 3386.00    0.38
 3387.00    0.38
 3388.00    1.83
 3389.00    0.38
 3390.00    1.83
 3391.00    0.38
 3392.00    0.38
 3393.00    1.83
 3394.00    0.38
 3395.00    0.38
 3396.00    0.38
 3397.00    0.38
 3398.00    0.38
 3399.00    0.38
 3400.00    0.38
 3401.00    0.38
 3402.00    0.38
 3403.00    0.38
 3404.00    2.05
 3405.00    0.38
 3406.00    2.05
 3407.00    0.38
 3408.00    4.83
 3409.00    1.84
 3410.00    1.84
 3411.00    1.84
 3412.00    1.84
 3413.00    0.39
 3414.00    1.84
 3415.00    0.39
 3416.00    1.84
 3417.00    0.39
 3418.00    0.39
 3419.00    1.84
 3420.00    0.39
 3421.00    0.39
 3422.00    1.85
 3423.00    0.39
 3424.00    1.85
 3425.00    0.39
 3426.00    1.85
 3427.00    0.39
 3428.00    0.39
 3429.00    1.85
 3430.00    1.85
 3431.00    0.39
 3432.00    1.85
 3433.00    1.73
 3434.00    1.85
 3435.00    1.85
 3436.00    1.85
 3437.00    1.85
 3438.00    1.85
 3439.00    0.39
 3440.00    1.70
 3441.00    0.39
 3442.00    1.70
 3443.00    0.39
 3444.00    1.70
 3445.00    0.39
 3446.00    1.70
 3447.00    0.39
 3448.00    1.70
 3449.00    0.39
 3450.00    1.70
 3451.00    1.70
 3452.00    1.70
 3453.00    1.70
 3454.00    1.70
 3455.00    1.71
 3456.00    0.39
 3457.00    1.71
 3458.00    1.71
 3459.00    0.39
 3460.00    1.71
 3461.00    0.39
 3462.00    1.59
 3463.00    0.39
 3464.00    0.39
 3465.00    0.39
 3466.00    0.39
 3467.00    0.39
 3468.00    1.59
 3469.00    0.39
 3470.00    1.33
 3471.00    1.33
 3472.00    0.39
 3473.00    1.33
 3474.00    1.33
 3475.00    1.34
 3476.00    1.34
 3477.00    0.39
 3478.00    1.34
 3479.00    0.67
 3480.00    1.34
 3481.00    1.34
 3482.00    1.34
 3483.00    1.34
 3484.00    0.67
 3485.00    1.34
 3486.00    1.34
 3487.00    1.35
 3488.00    0.67
 3489.00    1.35
 3490.00    1.35
 3491.00    1.35
 3492.00    1.35
 3493.00    0.67
 3494.00    1.35
 3495.00    1.24
 3496.00    1.35
 3497.00    1.35
 3498.00    0.67
 3499.00    1.36
 3500.00    0.67
