Shade - Sombreamento
 
 Segment   DynSh TTEleLB TTEleRB ClDisLB  ClDiRB  SRFLB1  SRFLB2  SRFRB1  SRFRB2   TOPO1   TOPO2   TOPO3   TOPO4   TOPO5   TOPO6   TOPO7   TOPO8   TOPO9  TOPO10  TOPO11  TOPO12  TOPO13  TOPO14  TOPO15  TOPO16  TOPO17  TOPO18  SRFJD1  SRFJD2
       1    0.96                                                                                                                                                                                                                                
       2    0.96                                                                                                                                                                                                                                
       3    0.96                                                                                                                                                                                                                                
       4    0.96                                                                                                                                                                                                                                
       5    0.96                                                                                                                                                                                                                                
       6    0.96                                                                                                                                                                                                                                
       7    0.96                                                                                                                                                                                                                                
       8    0.96                                                                                                                                                                                                                                
       9    0.96                                                                                                                                                                                                                                
      10    0.96                                                                                                                                                                                                                                
      11    0.96                                                                                                                                                                                                                                
      12    0.96                                                                                                                                                                                                                                
      13    0.96                                                                                                                                                                                                                                
      14    0.96                                                                                                                                                                                                                                
      15    0.96                                                                                                                                                                                                                                
      16    0.96                                                                                                                                                                                                                                
      17    0.96                                                                                                                                                                                                                                
      18    0.96                                                                                                                                                                                                                                
      19    0.96                                                                                                                                                                                                                                
      20    0.96                                                                                                                                                                                                                                
      21    0.96                                                                                                                                                                                                                                
      22    0.96                                                                                                                                                                                                                                
      23    0.96                                                                                                                                                                                                                                
      24    0.96                                                                                                                                                                                                                                
      25    0.96                                                                                                                                                                                                                                
      26    0.96                                                                                                                                                                                                                                
      27    0.96                                                                                                                                                                                                                                
      28    0.96                                                                                                                                                                                                                                
      29    0.96                                                                                                                                                                                                                                
      30    0.96                                                                                                                                                                                                                                
      31    0.96                                                                                                                                                                                                                                
      32    0.96                                                                                                                                                                                                                                
      33    0.96                                                                                                                                                                                                                                
      34    0.96                                                                                                                                                                                                                                
      35    0.96                                                                                                                                                                                                                                
      36    0.96                                                                                                                                                                                                                                
      37    0.96                                                                                                                                                                                                                                
      38    0.96                                                                                                                                                                                                                                
      39    0.96                                                                                                                                                                                                                                
      40    0.96                                                                                                                                                                                                                                
      41    0.96                                                                                                                                                                                                                                
      42    0.96                                                                                                                                                                                                                                
      43    0.96                                                                                                                                                                                                                                
      44    0.96                                                                                                                                                                                                                                
      45    0.96                                                                                                                                                                                                                                
      46    0.96                                                                                                                                                                                                                                
      47    0.96                                                                                                                                                                                                                                
      48    0.96                                                                                                                                                                                                                                
      49    0.96                                                                                                                                                                                                                                
      50    0.96                                                                                                                                                                                                                                
      51    0.96                                                                                                                                                                                                                                
      52    0.96                                                                                                                                                                                                                                
      53    0.96                                                                                                                                                                                                                                
      54    0.96                                                                                                                                                                                                                                
      55    0.96                                                                                                                                                                                                                                
      56    0.96                                                                                                                                                                                                                                
      57    0.96                                                                                                                                                                                                                                
      58    0.96                                                                                                                                                                                                                                
      59    0.96                                                                                                                                                                                                                                
      60    0.96                                                                                                                                                                                                                                
      61    0.96                                                                                                                                                                                                                                
      62    0.96                                                                                                                                                                                                                                
      63    0.96                                                                                                                                                                                                                                
      64    0.96                                                                                                                                                                                                                                
      65    0.96                                                                                                                                                                                                                                
      66    0.96                                                                                                                                                                                                                                
      67    0.96                                                                                                                                                                                                                                
      68    0.96                                                                                                                                                                                                                                
      69    0.96                                                                                                                                                                                                                                
      70    0.96                                                                                                                                                                                                                                
      71    0.96                                                                                                                                                                                                                                
      72    0.96                                                                                                                                                                                                                                
      73    0.96                                                                                                                                                                                                                                
      74    0.96                                                                                                                                                                                                                                
      75    0.96                                                                                                                                                                                                                                
      76    0.96                                                                                                                                                                                                                                
      77    0.96                                                                                                                                                                                                                                
      78    0.96                                                                                                                                                                                                                                
      79    0.96                                                                                                                                                                                                                                
      80    0.96                                                                                                                                                                                                                                
      81    0.96                                                                                                                                                                                                                                
      82    0.96                                                                                                                                                                                                                                
      83    0.96                                                                                                                                                                                                                                
      84    0.96                                                                                                                                                                                                                                
      85    0.96                                                                                                                                                                                                                                
