Sombreamento
 
 Segment   DynSh TTEleLB TTEleRB ClDisLB  ClDiRB  SRFLB1  SRFLB2  SRFRB1  SRFRB2   TOPO1   TOPO2   TOPO3   TOPO4   TOPO5   TOPO6   TOPO7   TOPO8   TOPO9  TOPO10  TOPO11  TOPO12  TOPO13  TOPO14  TOPO15  TOPO16  TOPO17  TOPO18  SRFJD1  SRFJD2
       1    0.80                                                                                                                                                                                                                                
       2    0.80                                                                                                                                                                                                                                
       3    0.80                                                                                                                                                                                                                                
       4    0.80                                                                                                                                                                                                                                
       5    0.80                                                                                                                                                                                                                                
       6    0.80                                                                                                                                                                                                                                
       7    0.80                                                                                                                                                                                                                                
       8    0.80                                                                                                                                                                                                                                
       9    0.80                                                                                                                                                                                                                                
      10    0.80                                                                                                                                                                                                                                
      11    0.80                                                                                                                                                                                                                                
      12    0.80                                                                                                                                                                                                                                
      13    0.80                                                                                                                                                                                                                                
      14    0.80                                                                                                                                                                                                                                
      15    0.80                                                                                                                                                                                                                                
      16    0.80                                                                                                                                                                                                                                
      17    0.80                                                                                                                                                                                                                                
      18    0.80                                                                                                                                                                                                                                
      19    0.80                                                                                                                                                                                                                                
      20    0.80                                                                                                                                                                                                                                
      21    0.80                                                                                                                                                                                                                                
      22    0.80                                                                                                                                                                                                                                
      23    0.80                                                                                                                                                                                                                                
      24    0.80                                                                                                                                                                                                                                
      25    0.80                                                                                                                                                                                                                                
      26    0.80                                                                                                                                                                                                                                
      27    0.80                                                                                                                                                                                                                                
      28    0.80                                                                                                                                                                                                                                
      29    0.80                                                                                                                                                                                                                                
      30    0.80                                                                                                                                                                                                                                
      31    0.80                                                                                                                                                                                                                                
      32    0.80                                                                                                                                                                                                                                
      33    0.80                                                                                                                                                                                                                                
      34    0.80                                                                                                                                                                                                                                
      35    0.80                                                                                                                                                                                                                                
      36    0.80                                                                                                                                                                                                                                
      37    0.80                                                                                                                                                                                                                                
      38    0.80                                                                                                                                                                                                                                
      39    0.80                                                                                                                                                                                                                                
      40    0.80                                                                                                                                                                                                                                
      41    0.80                                                                                                                                                                                                                                
      42    0.80                                                                                                                                                                                                                                
      43    0.80                                                                                                                                                                                                                                
      44    0.80                                                                                                                                                                                                                                
      45    0.80                                                                                                                                                                                                                                
      46    0.80                                                                                                                                                                                                                                
      47    0.80                                                                                                                                                                                                                                
      48    0.80                                                                                                                                                                                                                                
      49    0.80                                                                                                                                                                                                                                
      50    0.80                                                                                                                                                                                                                                
      51    0.80                                                                                                                                                                                                                                
      52    0.80                                                                                                                                                                                                                                
      53    0.80                                                                                                                                                                                                                                
      54    0.80                                                                                                                                                                                                                                
      55    0.80                                                                                                                                                                                                                                
      56    0.80                                                                                                                                                                                                                                
      57    0.80                                                                                                                                                                                                                                
      58    0.80                                                                                                                                                                                                                                
      59    0.80                                                                                                                                                                                                                                
      60    0.80                                                                                                                                                                                                                                
      61    0.80                                                                                                                                                                                                                                
      62    0.80                                                                                                                                                                                                                                
      63    0.80                                                                                                                                                                                                                                
      64    0.80                                                                                                                                                                                                                                
      65    0.80                                                                                                                                                                                                                                
      66    0.80                                                                                                                                                                                                                                
      67    0.80                                                                                                                                                                                                                                
      68    0.80                                                                                                                                                                                                                                
      69    0.80                                                                                                                                                                                                                                
      70    0.80                                                                                                                                                                                                                                
      71    0.80                                                                                                                                                                                                                                
      72    0.80                                                                                                                                                                                                                                
      73    0.80                                                                                                                                                                                                                                
      74    0.80                                                                                                                                                                                                                                
      75    0.80                                                                                                                                                                                                                                
      76    0.80
      77    0.80                                                                                                                                                                                                                                
      78    0.80                                                                                                                                                                                                                                
      79    0.80                                                                                                                                                                                                                                
      80    0.80                                                                                                                                                                                                                                
      81    0.80                                                                                                                                                                                                                                
      82    0.80                                                                                                                                                                                                                                
      83    0.80                                                                                                                                                                                                                                
      84    0.80                                                                                                                                                                                                                                
      85    0.80                                                                                                                                                                                                      
