EdsonQueiroz shelteringle

JDAY    WSC     WSC     WSC     WSC     WSC     WSC     WSC     WSC     WSC
   1    0.61    0.61    0.61    0.61    0.61    0.61    0.61    0.61    0.61
        0.61    0.61    0.61    0.61    0.61    0.61    0.61    0.61    0.61
        0.61    0.61    0.61    0.61    0.61    0.61    0.61    0.61    0.61
        0.61    0.61    0.61    0.61    0.61    0.61    0.61    0.61    0.61
        0.61    0.61    0.61    0.61    0.61    0.61    0.61    0.61    0.61
        0.61    0.61    0.61    0.61    0.61    0.61    0.61    0.61    0.61
        0.61    0.61    0.61    0.61    0.61    0.61    0.61    0.61    0.61
        0.61    0.61    0.61    0.61    0.61    0.61    0.61    0.61    0.61
        0.61    0.61    0.61    0.61    0.61    0.61    0.61    0.61    0.61
        0.61    0.61    0.61    0.61
2196    0.61    0.61    0.61    0.61    0.61    0.61    0.61    0.61    0.61
        0.61    0.61    0.61    0.61    0.61    0.61    0.61    0.61    0.61
        0.61    0.61    0.61    0.61    0.61    0.61    0.61    0.61    0.61
        0.61    0.61    0.61    0.61    0.61    0.61    0.61    0.61    0.61
        0.61    0.61    0.61    0.61    0.61    0.61    0.61    0.61    0.61
        0.61    0.61    0.61    0.61    0.61    0.61    0.61    0.61    0.61
        0.61    0.61    0.61    0.61    0.61    0.61    0.61    0.61    0.61
        0.61    0.61    0.61    0.61    0.61    0.61    0.61    0.61    0.61
        0.61    0.61    0.61    0.61    0.61    0.61    0.61    0.61    0.61
        0.61    0.61    0.61    0.61
