EdsonQueiroz shelteringle

JDAY    WSC     WSC     WSC     WSC     WSC     WSC     WSC     WSC     WSC
   1    0.94    0.94    0.94    0.94    0.94    0.94    0.94    0.94    0.94
        0.94    0.94    0.94    0.94    0.94    0.94    0.94    0.94    0.94
        0.94    0.94    0.94    0.94    0.94    0.94    0.94    0.94    0.94
        0.94    0.94    0.94    0.94    0.94    0.94    0.94    0.94    0.94
        0.94    0.94    0.94    0.94    0.94    0.94    0.94    0.94    0.94
        0.94    0.94    0.94    0.94    0.94    0.94    0.94    0.94    0.94
        0.94    0.94    0.94    0.94    0.94    0.94    0.94    0.94    0.94
        0.94    0.94    0.94    0.94    0.94    0.94    0.94    0.94    0.94
        0.94    0.94    0.94    0.94    0.94    0.94    0.94    0.94    0.94
        0.94    0.94    0.94    0.94
2196    0.94    0.94    0.94    0.94    0.94    0.94    0.94    0.94    0.94
        0.94    0.94    0.94    0.94    0.94    0.94    0.94    0.94    0.94
        0.94    0.94    0.94    0.94    0.94    0.94    0.94    0.94    0.94
        0.94    0.94    0.94    0.94    0.94    0.94    0.94    0.94    0.94
        0.94    0.94    0.94    0.94    0.94    0.94    0.94    0.94    0.94
        0.94    0.94    0.94    0.94    0.94    0.94    0.94    0.94    0.94
        0.94    0.94    0.94    0.94    0.94    0.94    0.94    0.94    0.94
        0.94    0.94    0.94    0.94    0.94    0.94    0.94    0.94    0.94
        0.94    0.94    0.94    0.94    0.94    0.94    0.94    0.94    0.94
        0.94    0.94    0.94    0.94
